12 0.16953125 0.434375 0.1296875 0.196875
12 0.415625 0.39140625 0.08828125 0.19609375
12 0.69921875 0.37734375 0.09453125 0.2125
12 0.53984375 0.353125 0.09296875 0.16796875
12 0.25546875 0.23984375 0.0578125 0.11328125
12 0.3625 0.2546875 0.04921875 0.07890625
9 0.17734375 0.56328125 0.15625 0.640625
9 0.41328125 0.5140625 0.11484375 0.55703125
9 0.53671875 0.47890625 0.13203125 0.56484375
9 0.69609375 0.49453125 0.10390625 0.575
9 0.83671875 0.3046875 0.11484375 0.2015625
9 0.359375 0.2171875 0.0625 0.13046875
9 0.2609375 0.321875 0.06796875 0.3765625
9 0.46953125 0.20234375 0.06796875 0.11796875
9 0.30390625 0.2703125 0.034375 0.25859375
9 0.059375 0.18828125 0.04140625 0.1203125
9 0.15703125 0.18984375 0.05390625 0.096875
9 0.1109375 0.1828125 0.02421875 0.11484375