13 0.20078125 0.65390625 0.04921875 0.1265625
13 0.225 0.67109375 0.05390625 0.0984375
13 0.78203125 0.6546875 0.0671875 0.13515625
12 0.76171875 0.553125 0.0375 0.04375
12 0.20390625 0.5546875 0.0328125 0.0390625
13 0.6890625 0.7328125 0.05859375 0.103125
13 0.64765625 0.66953125 0.0421875 0.1
13 0.671875 0.64609375 0.0390625 0.06875
12 0.66640625 0.64609375 0.034375 0.03515625
13 0.27109375 0.65 0.0375 0.0984375
13 0.29921875 0.7 0.0328125 0.08359375
13 0.3421875 0.678125 0.03828125 0.090625
13 0.728125 0.66328125 0.046875 0.10078125
13 0.69765625 0.6390625 0.0296875 0.08125
12 0.2375 0.578125 0.0296875 0.0359375
12 0.28046875 0.5671875 0.0234375 0.03203125
12 0.29765625 0.571875 0.0203125 0.02265625
12 0.31015625 0.609375 0.02265625 0.02734375
12 0.425 0.6125 0.0234375 0.0265625
12 0.34609375 0.59140625 0.028125 0.03203125
13 0.384375 0.640625 0.0453125 0.03515625
12 0.38046875 0.6 0.02578125 0.03515625
12 0.40703125 0.58203125 0.02421875 0.03828125
12 0.325 0.571875 0.021875 0.03125
12 0.35 0.5609375 0.0203125 0.03046875
13 0.609375 0.65390625 0.03671875 0.05390625
12 0.6046875 0.5921875 0.0265625 0.03203125
12 0.58984375 0.57890625 0.021875 0.025
12 0.628125 0.57578125 0.02421875 0.02890625
12 0.64765625 0.57578125 0.02109375 0.03359375
12 0.45546875 0.60703125 0.02734375 0.03046875
12 0.49296875 0.60390625 0.02890625 0.02890625
12 0.4640625 0.58515625 0.0234375 0.021875
12 0.5046875 0.57265625 0.03203125 0.028125
12 0.5265625 0.5671875 0.0203125 0.02109375
12 0.54453125 0.5625 0.021875 0.02578125
12 0.56484375 0.5640625 0.01875 0.02734375
12 0.42890625 0.5703125 0.01796875 0.028125
12 0.715625 0.58046875 0.03046875 0.0359375
12 0.6671875 0.5640625 0.028125 0.03359375
12 0.68828125 0.5546875 0.02265625 0.02890625