13 0.1609375 0.58203125 0.1171875 0.17109375
13 0.940625 0.690625 0.115625 0.4359375
13 0.815625 0.596875 0.1015625 0.19609375
13 0.484375 0.55390625 0.08203125 0.0734375
13 0.94140625 0.6390625 0.11484375 0.20625
13 0.5796875 0.59765625 0.09921875 0.16875
13 0.73828125 0.6078125 0.08125 0.1625
13 0.0796875 0.5734375 0.0875 0.14921875
13 0.65859375 0.60859375 0.071875 0.17578125
12 0.26015625 0.43359375 0.05 0.0609375
12 0.2578125 0.43671875 0.0484375 0.0515625
12 0.58046875 0.45625 0.0453125 0.04765625
12 0.73671875 0.4640625 0.046875 0.0484375
12 0.9234375 0.4984375 0.0546875 0.0484375
12 0.29609375 0.44140625 0.028125 0.046875
12 0.33359375 0.4265625 0.046875 0.05390625
12 0.16875 0.44140625 0.0578125 0.04921875
12 0.0953125 0.44140625 0.0640625 0.04609375
12 0.22109375 0.45546875 0.03828125 0.05546875
12 0.384375 0.45625 0.03515625 0.046875
12 0.4125 0.4734375 0.03828125 0.04609375
12 0.4453125 0.48125 0.03359375 0.03515625
12 0.48984375 0.4703125 0.03359375 0.04296875
12 0.52265625 0.48203125 0.04296875 0.0421875
12 0.6078125 0.48046875 0.0296875 0.034375
12 0.8640625 0.4828125 0.03828125 0.04140625
12 0.80234375 0.4453125 0.0359375 0.0515625
12 0.6625 0.4625 0.0390625 0.05390625