13 0.225 0.63046875 0.08828125 0.21875
13 0.5390625 0.60625 0.0921875 0.203125
12 0.53515625 0.44921875 0.04765625 0.053125
12 0.1734375 0.4734375 0.05078125 0.05078125
12 0.23125 0.4890625 0.05234375 0.0578125
12 0.3078125 0.459375 0.04765625 0.05234375
12 0.12421875 0.5296875 0.05859375 0.09921875
12 0.7953125 0.446875 0.04921875 0.05234375
12 0.47265625 0.475 0.0484375 0.0953125
12 0.37578125 0.453125 0.0453125 0.05
13 0.628125 0.6171875 0.08203125 0.190625
13 0.73359375 0.59921875 0.09765625 0.18671875
13 0.80859375 0.62421875 0.08203125 0.203125