9 0.97890625 0.51171875 0.02578125 0.11640625
9 0.95 0.5078125 0.015625 0.1078125
9 0.928125 0.5046875 0.028125 0.11953125
9 0.89765625 0.51015625 0.028125 0.11953125
9 0.87109375 0.52421875 0.0296875 0.140625
9 0.83203125 0.525 0.0359375 0.1609375
9 0.85078125 0.55703125 0.021875 0.11640625
9 0.79609375 0.4984375 0.0203125 0.1078125
9 0.73828125 0.525 0.02421875 0.11953125
9 0.63515625 0.52421875 0.03828125 0.128125
9 0.60234375 0.5296875 0.028125 0.140625
9 0.37265625 0.51640625 0.02578125 0.1015625
9 0.33125 0.51328125 0.01796875 0.0953125
9 0.315625 0.51484375 0.015625 0.0921875
8 0.41015625 0.4953125 0.028125 0.04140625
8 0.23828125 0.5 0.0359375 0.0390625
8 0.103125 0.5 0.03828125 0.0390625
8 0.20078125 0.5015625 0.0421875 0.04765625
8 0.1703125 0.4953125 0.028125 0.0359375
8 0.27578125 0.4984375 0.028125 0.04140625