9 0.8265625 0.7140625 0.0796875 0.14375
9 0.10703125 0.68984375 0.075 0.1359375
9 0.59765625 0.70078125 0.0796875 0.14609375
9 0.715625 0.70625 0.06640625 0.15234375
9 0.490625 0.71328125 0.05859375 0.15390625
9 0.4375 0.70234375 0.06953125 0.13984375
9 0.171875 0.7046875 0.09296875 0.1421875
9 0.24921875 0.69375 0.05078125 0.13203125
9 0.19765625 0.646875 0.0375 0.05
9 0.13046875 0.64375 0.04765625 0.06796875
9 0.353125 0.72265625 0.07734375 0.13828125
9 0.06171875 0.7046875 0.05859375 0.134375
9 0.009375 0.71875 0.01875 0.14609375
8 0.053125 0.6578125 0.10625 0.071875