8 0.15859375 0.71953125 0.07890625 0.08359375
9 0.31796875 0.70859375 0.03515625 0.09453125
9 0.35625 0.7109375 0.02890625 0.0890625
9 0.72890625 0.7484375 0.02890625 0.06953125
9 0.58515625 0.74453125 0.01640625 0.05546875
9 0.60078125 0.7484375 0.01484375 0.046875
8 0.190625 0.70390625 0.03984375 0.05859375
8 0.21171875 0.703125 0.01875 0.021875
8 0.23203125 0.696875 0.01875 0.021875
9 0.26484375 0.6984375 0.00390625 0.01953125
9 0.271875 0.7 0.00625 0.01640625
8 0.25859375 0.6984375 0.0125 0.0140625