8 0.54375 0.41015625 0.56796875 0.5796875
9 0.01796875 0.3921875 0.0359375 0.35703125
9 0.0453125 0.3921875 0.0296875 0.32734375
9 0.0703125 0.41015625 0.04765625 0.309375
9 0.09765625 0.40546875 0.0359375 0.3125
9 0.12734375 0.4171875 0.03828125 0.28828125
9 0.1671875 0.39921875 0.06171875 0.32421875
9 0.20078125 0.4953125 0.06171875 0.13203125
9 0.20625 0.36328125 0.028125 0.15625
9 0.221875 0.32578125 0.015625 0.0453125
9 0.23984375 0.428125 0.03203125 0.2609375
9 0.25625 0.4203125 0.03984375 0.2703125
9 0.2796875 0.39375 0.02421875 0.1859375
9 0.3 0.35546875 0.02421875 0.10546875
9 0.321875 0.3453125 0.028125 0.06015625
9 0.51171875 0.25546875 0.07578125 0.09609375