9 0.109375 0.6310096153846154 0.11899038461538461 0.5132211538461539
9 0.21514423076923078 0.6057692307692307 0.08774038461538461 0.5444711538461539
9 0.3088942307692308 0.5997596153846154 0.08774038461538461 0.5072115384615384
9 0.390625 0.5853365384615384 0.0673076923076923 0.43509615384615385
9 0.47596153846153844 0.5985576923076923 0.07692307692307693 0.40865384615384615
9 0.5721153846153846 0.5769230769230769 0.056490384615384616 0.4110576923076923
9 0.6358173076923077 0.6021634615384616 0.054086538461538464 0.4014423076923077
9 0.6959134615384616 0.5612980769230769 0.051682692307692304 0.4699519230769231
9 0.7800480769230769 0.6105769230769231 0.08533653846153846 0.49278846153846156
9 0.8882211538461539 0.65625 0.10817307692307693 0.5913461538461539
9 0.5096153846153846 0.4266826923076923 0.036057692307692304 0.10576923076923077