13 0.896875 0.46328125 0.153125 0.21328125
13 0.61875 0.50546875 0.1703125 0.23125
13 0.4546875 0.4375 0.15 0.24453125
12 0.43984375 0.23125 0.08671875 0.0890625
12 0.71796875 0.31171875 0.02421875 0.03671875
12 0.74140625 0.30078125 0.03828125 0.04453125
12 0.8921875 0.265625 0.06796875 0.06875
12 0.80078125 0.28671875 0.03203125 0.03515625
12 0.84609375 0.26328125 0.0390625 0.05234375
12 0.59921875 0.30625 0.06953125 0.084375
12 0.9875 0.29765625 0.025 0.05078125
12 0.7765625 0.303125 0.0328125 0.03359375
12 0.54296875 0.2828125 0.0375 0.040625
12 0.5671875 0.29453125 0.0453125 0.0765625