9 0.37421875 0.4703125 0.1578125 0.609375
9 0.7671875 0.5140625 0.125 0.6
9 0.5859375 0.44921875 0.10078125 0.57421875
9 0.4921875 0.44296875 0.11328125 0.59375
9 0.66875 0.4953125 0.09765625 0.61640625
9 0.29375 0.48359375 0.11484375 0.60234375
9 0.9921875 0.53046875 0.01328125 0.1203125
9 0.4078125 0.22578125 0.03515625 0.06484375
9 0.6640625 0.234375 0.03359375 0.0671875
9 0.5875 0.2046875 0.03515625 0.065625
9 0.33046875 0.23125 0.0359375 0.0671875
9 0.7421875 0.25859375 0.0359375 0.06015625
9 0.496875 0.1921875 0.03359375 0.06015625