9 0.296875 0.53359375 0.12109375 0.909375
9 0.17890625 0.5078125 0.128125 0.9484375
9 0.06796875 0.52890625 0.12109375 0.9109375
9 0.9375 0.5796875 0.10703125 0.81640625
9 0.56328125 0.59375 0.10390625 0.8046875
9 0.4109375 0.590625 0.12578125 0.7984375
9 0.8546875 0.60859375 0.10703125 0.75546875
9 0.48515625 0.5328125 0.115625 0.903125
9 0.7765625 0.6015625 0.075 0.7734375
9 0.6421875 0.63125 0.0765625 0.71796875
9 0.7125 0.63203125 0.1078125 0.715625
9 0.3015625 0.165625 0.0375 0.11796875
9 0.4140625 0.27890625 0.03515625 0.11640625
9 0.19140625 0.134375 0.0453125 0.13046875
9 0.8375 0.32578125 0.0390625 0.11796875
9 0.5640625 0.271875 0.0328125 0.10234375
9 0.48046875 0.17265625 0.0328125 0.1125
9 0.08515625 0.1703125 0.04453125 0.13203125
9 0.6953125 0.3546875 0.0359375 0.0984375
9 0.63671875 0.365625 0.03515625 0.09296875
9 0.9125 0.2734375 0.0421875 0.12421875
9 0.771875 0.31484375 0.0375 0.10078125