9 0.7859375 0.63515625 0.12109375 0.70859375
9 0.1796875 0.63828125 0.1234375 0.70234375
9 0.5390625 0.63046875 0.11640625 0.6078125
9 0.28984375 0.63359375 0.10234375 0.63046875
9 0.44609375 0.6296875 0.0953125 0.60546875
9 0.69453125 0.646875 0.08359375 0.63671875
9 0.3765625 0.65078125 0.0859375 0.56640625
9 0.628125 0.63984375 0.09140625 0.60546875
9 0.6828125 0.3796875 0.03515625 0.06953125
9 0.28203125 0.378125 0.03125 0.065625
9 0.5265625 0.3859375 0.03515625 0.06953125
9 0.61796875 0.38828125 0.02890625 0.06171875
9 0.18515625 0.34296875 0.03515625 0.06953125
9 0.44453125 0.3734375 0.03125 0.06171875
9 0.37890625 0.421875 0.0296875 0.06328125
9 0.7640625 0.34609375 0.04140625 0.084375