9 0.6046875 0.63984375 0.11640625 0.70078125
9 0.7203125 0.5890625 0.159375 0.79921875
9 0.51015625 0.728125 0.0984375 0.52734375
9 0.41328125 0.73984375 0.10546875 0.5078125
9 0.421875 0.41953125 0.109375 0.38359375
9 0.2078125 0.71640625 0.15703125 0.5546875
9 0.32421875 0.71796875 0.09453125 0.5484375
9 0.3296875 0.41796875 0.09296875 0.34140625
9 0.51171875 0.45 0.10078125 0.33046875
9 0.24375 0.43671875 0.10703125 0.3078125
9 0.4171875 0.55078125 0.0375 0.0859375
9 0.3328125 0.509375 0.0390625 0.08125
9 0.509375 0.34765625 0.03359375 0.07421875
9 0.2421875 0.5046875 0.04296875 0.090625
9 0.49375 0.5234375 0.03828125 0.07890625
9 0.58828125 0.34296875 0.0328125 0.07421875
9 0.690625 0.2671875 0.0390625 0.09375
9 0.33203125 0.30390625 0.0328125 0.07109375
9 0.4171875 0.29296875 0.03515625 0.07421875
9 0.2640625 0.33828125 0.03359375 0.06796875