9 0.8890625 0.5359375 0.21875 0.90703125
9 0.14765625 0.7046875 0.26484375 0.56640625
9 0.371875 0.696875 0.2328125 0.58671875
9 0.5703125 0.71640625 0.2078125 0.5421875
9 0.715625 0.69375 0.1953125 0.59296875
9 0.4796875 0.3828125 0.1640625 0.4796875
9 0.32109375 0.3578125 0.178125 0.55078125
9 0.1546875 0.38125 0.184375 0.4796875
9 0.61328125 0.36875 0.146875 0.459375
9 0.74375 0.32421875 0.1484375 0.42734375
9 0.384375 0.50390625 0.0703125 0.1171875
9 0.60546875 0.20859375 0.053125 0.08671875
9 0.740625 0.18359375 0.0515625 0.0890625
9 0.16484375 0.525 0.0796875 0.12265625
9 0.71171875 0.48359375 0.0625 0.1171875
9 0.32734375 0.18515625 0.05625 0.096875
9 0.4875 0.21953125 0.0515625 0.096875
9 0.5703125 0.53515625 0.0640625 0.10703125
9 0.178125 0.22578125 0.0625 0.10078125
9 0.91171875 0.16015625 0.0671875 0.10703125