9 0.59453125 0.76328125 0.4828125 0.4453125
9 0.7625 0.54375 0.215625 0.55078125
9 0.38046875 0.56484375 0.14765625 0.50234375
9 0.175 0.48515625 0.13984375 0.6015625
9 0.4921875 0.51796875 0.1234375 0.4
9 0.61484375 0.46796875 0.14765625 0.35546875
9 0.48671875 0.2390625 0.109375 0.18515625
9 0.68203125 0.26875 0.115625 0.19765625
9 0.28046875 0.4703125 0.15234375 0.59453125
9 0.36796875 0.2640625 0.10234375 0.20859375
9 0.5796875 0.28515625 0.1203125 0.2390625
9 0.4359375 0.321875 0.08671875 0.14921875
9 0.82421875 0.45546875 0.184375 0.6015625
9 0.8234375 0.3125 0.184375 0.31171875
9 0.6703125 0.22421875 0.04296875 0.06484375
9 0.30234375 0.23203125 0.0453125 0.06328125
9 0.4859375 0.2046875 0.04453125 0.06875
9 0.565625 0.22109375 0.0453125 0.06484375
9 0.77734375 0.21875 0.04921875 0.0734375
9 0.5046875 0.3796875 0.04921875 0.0703125
9 0.38359375 0.21484375 0.04296875 0.06328125
9 0.69375 0.33203125 0.0546875 0.07734375
9 0.43203125 0.303125 0.04375 0.0671875
9 0.19765625 0.2421875 0.0515625 0.0703125
9 0.4046875 0.384375 0.05390625 0.07265625
9 0.6109375 0.340625 0.05078125 0.06953125
9 0.61640625 0.6125 0.06171875 0.09375