9 0.17265625 0.17578125 0.04453125 0.09609375
9 0.3078125 0.20546875 0.040625 0.09296875
9 0.73125 0.20703125 0.04609375 0.0984375
9 0.84921875 0.209375 0.04765625 0.1
9 0.6875 0.2328125 0.0375 0.08046875
9 0.5109375 0.23671875 0.0375 0.084375
9 0.6859375 0.240625 0.0578125 0.1421875
9 0.2609375 0.24140625 0.046875 0.0984375
9 0.5703125 0.2421875 0.0359375 0.0859375
9 0.17421875 0.24375 0.07890625 0.2734375
9 0.621875 0.24453125 0.0390625 0.0890625
9 0.30546875 0.2453125 0.05546875 0.203125
9 0.128125 0.25234375 0.05234375 0.10546875
9 0.35625 0.2671875 0.040625 0.0859375
9 0.43203125 0.515625 0.10390625 0.8140625
9 0.89453125 0.52265625 0.17890625 0.93671875
9 0.571875 0.540625 0.0671875 0.71640625
9 0.18671875 0.55234375 0.103125 0.8703125
9 0.73359375 0.55703125 0.14609375 0.8578125
9 0.82421875 0.5578125 0.1109375 0.86328125
9 0.50390625 0.56796875 0.1328125 0.7796875
9 0.2546875 0.578125 0.15 0.8234375
9 0.62265625 0.58125 0.1171875 0.809375
9 0.1140625 0.5828125 0.15390625 0.8125
9 0.3703125 0.59296875 0.1234375 0.78984375
9 0.90234375 0.14375 0.05859375 0.1296875
9 0.4328125 0.17421875 0.0375 0.08203125