9 0.49375 0.59609375 0.253125 0.78671875
9 0.7140625 0.646875 0.24296875 0.68515625
9 0.2859375 0.5609375 0.253125 0.85703125
9 0.80546875 0.56640625 0.2046875 0.84375
9 0.18828125 0.54296875 0.21328125 0.8953125
9 0.52109375 0.278125 0.253125 0.41015625
9 0.75859375 0.246875 0.07734375 0.1359375
9 0.68125 0.4046875 0.078125 0.1375
9 0.3359375 0.2546875 0.08359375 0.15234375
9 0.2359375 0.20078125 0.08203125 0.153125
9 0.49921875 0.31640625 0.07734375 0.15078125
9 0.5453125 0.1625 0.07265625 0.1296875