9 0.9109375 0.61328125 0.134375 0.74375
9 0.80234375 0.62578125 0.11484375 0.68125
9 0.60859375 0.6109375 0.115625 0.72578125
9 0.70625 0.59609375 0.1171875 0.71953125
9 0.50546875 0.57890625 0.12109375 0.7921875
9 0.15234375 0.625 0.11171875 0.7375
9 0.2875 0.61796875 0.134375 0.7515625
9 0.39609375 0.590625 0.1078125 0.7484375
9 0.39453125 0.35625 0.10703125 0.2796875
9 0.2875 0.36484375 0.1375 0.2375
9 0.15390625 0.359375 0.10859375 0.20625
9 0.61484375 0.31640625 0.03828125 0.0859375
9 0.4046875 0.27734375 0.03828125 0.0859375
9 0.290625 0.315625 0.040625 0.08515625
9 0.9078125 0.30078125 0.04453125 0.0859375
9 0.7140625 0.2875 0.034375 0.075
9 0.51484375 0.246875 0.03828125 0.08515625
9 0.14296875 0.32578125 0.0421875 0.09140625
9 0.81171875 0.34296875 0.04140625 0.08203125