9 0.4015625 0.51328125 0.04296875 0.1484375
9 0.1125 0.5453125 0.05625 0.1328125
9 0.5171875 0.50703125 0.046875 0.146875
9 0.21171875 0.52890625 0.04296875 0.1375
9 0.59453125 0.5140625 0.04296875 0.13515625
9 0.4390625 0.515625 0.034375 0.1328125
9 0.63984375 0.51171875 0.0484375 0.13515625
9 0.30546875 0.52578125 0.05546875 0.12734375
9 0.74453125 0.49921875 0.05546875 0.14921875
9 0.259375 0.53125 0.04296875 0.12734375
9 0.35546875 0.51875 0.0484375 0.14140625
9 0.69375 0.49765625 0.0578125 0.15859375
9 0.78984375 0.4953125 0.05 0.15703125
9 0.4765625 0.50625 0.0453125 0.1453125
9 0.8859375 0.49140625 0.05859375 0.16484375
9 0.83984375 0.48125 0.0625 0.17265625
9 0.55546875 0.509375 0.03984375 0.13359375
9 0.25234375 0.42578125 0.03984375 0.1484375
9 0.2953125 0.396875 0.0484375 0.1078125
9 0.3890625 0.38671875 0.0453125 0.1140625
9 0.346875 0.39921875 0.040625 0.1
9 0.48125 0.3796875 0.0515625 0.115625
9 0.53671875 0.4140625 0.03984375 0.1015625
9 0.43359375 0.3984375 0.0453125 0.1078125
9 0.6484375 0.3671875 0.05625 0.11796875
9 0.58671875 0.42421875 0.0453125 0.13671875
9 0.75625 0.4015625 0.05078125 0.12734375
9 0.6375 0.4390625 0.0578125 0.10625
9 0.71171875 0.4078125 0.05078125 0.11171875
9 0.16796875 0.5328125 0.05078125 0.1390625
9 0.21328125 0.48125 0.01640625 0.02734375
9 0.6390625 0.46484375 0.01484375 0.02578125
9 0.10859375 0.50390625 0.0171875 0.02890625
9 0.4015625 0.459375 0.015625 0.02578125
9 0.4359375 0.36328125 0.0140625 0.025
9 0.3109375 0.48359375 0.01484375 0.025
9 0.2578125 0.490625 0.015625 0.02734375
9 0.6453125 0.3328125 0.015625 0.02734375
9 0.38515625 0.35078125 0.01484375 0.0234375
9 0.74140625 0.44453125 0.015625 0.02578125
9 0.6359375 0.40546875 0.015625 0.025
9 0.6890625 0.3265625 0.01484375 0.025
9 0.340625 0.3140625 0.0140625 0.0234375
9 0.6015625 0.3359375 0.0140625 0.021875
9 0.58515625 0.37890625 0.01484375 0.02578125
9 0.525 0.3328125 0.01484375 0.025
9 0.540625 0.38125 0.01484375 0.025
9 0.16640625 0.48359375 0.01484375 0.025
9 0.2765625 0.440625 0.01484375 0.021875
9 0.4375 0.46953125 0.0140625 0.021875
9 0.4890625 0.41796875 0.01484375 0.0234375
9 0.346875 0.36796875 0.01484375 0.021875
9 0.559375 0.46328125 0.015625 0.02578125
9 0.29140625 0.36328125 0.01484375 0.0234375
9 0.7953125 0.3484375 0.01640625 0.02734375
9 0.1625 0.44140625 0.01640625 0.0234375
9 0.71953125 0.3703125 0.015625 0.02578125
9 0.4796875 0.45703125 0.015625 0.02578125
9 0.2171875 0.44453125 0.01484375 0.0234375
9 0.56953125 0.36328125 0.01484375 0.025
9 0.19140625 0.32265625 0.015625 0.025
9 0.4796875 0.34375 0.015625 0.025
9 0.5171875 0.45234375 0.01484375 0.025
9 0.3390625 0.43515625 0.015625 0.0234375
9 0.32734375 0.3453125 0.0140625 0.02109375
9 0.72890625 0.3234375 0.01484375 0.02578125
9 0.7546875 0.3609375 0.015625 0.02578125
9 0.225 0.359375 0.0125 0.01953125
9 0.2140625 0.3796875 0.01484375 0.021875
9 0.665625 0.4078125 0.01484375 0.02578125
9 0.290625 0.32890625 0.01484375 0.0234375
9 0.35625 0.46640625 0.015625 0.02578125
9 0.1453125 0.3640625 0.015625 0.025
9 0.69375 0.4390625 0.015625 0.02578125
9 0.8296875 0.35234375 0.015625 0.02734375
9 0.4578125 0.3125 0.01484375 0.025
9 0.25625 0.33125 0.015625 0.02578125
9 0.82734375 0.4265625 0.0140625 0.025
9 0.79765625 0.44140625 0.0125 0.0234375
9 0.4328125 0.43359375 0.0125 0.0234375
9 0.30546875 0.4328125 0.01484375 0.0234375
9 0.25703125 0.375 0.0140625 0.02109375
9 0.39296875 0.32578125 0.01484375 0.0234375
9 0.59296875 0.4703125 0.01484375 0.0234375
9 0.38046875 0.42109375 0.01484375 0.0234375
9 0.88125 0.428125 0.01484375 0.0296875