9 0.2140625 0.221875 0.01640625 0.03125
9 0.271875 0.221875 0.01796875 0.03125
9 0.4109375 0.221875 0.02109375 0.03984375
9 0.17578125 0.22421875 0.021875 0.03984375
9 0.4765625 0.23203125 0.01796875 0.03359375
9 0.42109375 0.234375 0.02109375 0.0375
9 0.5640625 0.23671875 0.01796875 0.03359375
9 0.3484375 0.23984375 0.0234375 0.04453125
9 0.25390625 0.2421875 0.02109375 0.03984375
9 0.58125 0.25234375 0.01953125 0.0375
9 0.4171875 0.2546875 0.03828125 0.11328125
9 0.54921875 0.2640625 0.02109375 0.03984375
9 0.31484375 0.26640625 0.0234375 0.04453125
9 0.5171875 0.26640625 0.01953125 0.03984375
9 0.63046875 0.2703125 0.02109375 0.0375
9 0.44453125 0.27109375 0.01953125 0.0359375
9 0.3890625 0.2734375 0.0234375 0.04453125
9 0.25703125 0.27421875 0.06796875 0.1359375
9 0.5984375 0.2796875 0.021875 0.04453125
9 0.16953125 0.28359375 0.0609375 0.20234375
9 0.45 0.2890625 0.03671875 0.09765625
9 0.4796875 0.28984375 0.021875 0.0421875
9 0.525 0.2921875 0.04765625 0.121875
9 0.38984375 0.2953125 0.04765625 0.12890625
9 0.59296875 0.2953125 0.03671875 0.09765625
9 0.31015625 0.29921875 0.059375 0.1359375
9 0.67109375 0.30078125 0.025 0.05078125
9 0.56640625 0.30703125 0.0234375 0.04453125
9 0.21015625 0.30859375 0.028125 0.04921875
9 0.4296875 0.30859375 0.021875 0.04453125
9 0.35859375 0.31328125 0.028125 0.053125
9 0.49296875 0.32421875 0.0265625 0.0578125
9 0.62109375 0.3296875 0.025 0.046875
9 0.35546875 0.3453125 0.084375 0.153125
9 0.53671875 0.34765625 0.025 0.05078125
9 0.271875 0.35 0.028125 0.05078125
9 0.6984375 0.35078125 0.0265625 0.04921875
9 0.209375 0.3546875 0.0890625 0.184375
9 0.7578125 0.36328125 0.0265625 0.05546875
9 0.48671875 0.3640625 0.06796875 0.16875
9 0.5671875 0.3703125 0.028125 0.05546875
9 0.26484375 0.37421875 0.0515625 0.14921875
9 0.42890625 0.38125 0.0296875 0.05546875
9 0.621875 0.38203125 0.0296875 0.053125
9 0.85703125 0.39453125 0.03125 0.05546875
9 0.2203125 0.40078125 0.03984375 0.078125
9 0.2984375 0.403125 0.0328125 0.06015625
9 0.67109375 0.40703125 0.03125 0.0578125
9 0.3671875 0.40859375 0.03671875 0.07109375
9 0.51171875 0.40859375 0.0328125 0.06640625
9 0.734375 0.4140625 0.0296875 0.05078125
9 0.6203125 0.415625 0.05625 0.15078125
9 0.75625 0.553125 0.08125 0.46640625
9 0.5671875 0.5703125 0.084375 0.49140625
9 0.4296875 0.578125 0.07890625 0.50234375
9 0.83125 0.58359375 0.12890625 0.478125
9 0.71796875 0.596875 0.0921875 0.46015625
9 0.3015625 0.61015625 0.06796875 0.51796875
9 0.65078125 0.6109375 0.1203125 0.5109375
9 0.50546875 0.63203125 0.12578125 0.53984375
9 0.2265625 0.6421875 0.146875 0.6
9 0.375 0.65078125 0.12890625 0.59140625
9 0.2640625 0.1625 0.01796875 0.03125
9 0.1671875 0.1734375 0.01953125 0.0359375
9 0.3578125 0.17421875 0.01484375 0.02421875
9 0.21328125 0.18125 0.01640625 0.02890625
9 0.55625 0.18203125 0.01484375 0.0265625
9 0.2390625 0.18671875 0.01796875 0.0359375
9 0.37109375 0.18671875 0.01484375 0.0265625
9 0.52109375 0.18671875 0.01484375 0.0265625
9 0.47109375 0.1890625 0.01328125 0.0265625
9 0.49921875 0.18984375 0.01328125 0.02421875
9 0.41953125 0.19140625 0.01484375 0.0265625
9 0.34375 0.1921875 0.01640625 0.02890625
9 0.3078125 0.19296875 0.01328125 0.0265625
9 0.29453125 0.2 0.01640625 0.03125
9 0.4453125 0.203125 0.01484375 0.02890625
9 0.40234375 0.2140625 0.01796875 0.0375
9 0.32265625 0.215625 0.01953125 0.0359375
9 0.53046875 0.22109375 0.01640625 0.02890625