9 0.7921875 0.52421875 0.25390625 0.87421875
9 0.41640625 0.52265625 0.1078125 0.75234375
9 0.19453125 0.55 0.2609375 0.8234375
9 0.565625 0.56640625 0.12890625 0.67890625
9 0.671875 0.5296875 0.12421875 0.7
9 0.325 0.51484375 0.1390625 0.8203125
9 0.7609375 0.33046875 0.059375 0.3125
9 0.79765625 0.55390625 0.13203125 0.80078125
9 0.18125 0.22265625 0.05 0.10625
9 0.3078125 0.18515625 0.040625 0.09453125
9 0.65859375 0.2453125 0.03828125 0.08515625
9 0.4109375 0.22578125 0.0375 0.08515625
9 0.7671875 0.2265625 0.03203125 0.0765625
9 0.559375 0.28359375 0.0375 0.071875
9 0.7890625 0.15625 0.0375 0.09921875