9 0.2765625 0.61640625 0.27421875 0.57578125
9 0.5171875 0.62421875 0.2515625 0.56796875
9 0.753125 0.625 0.27578125 0.6671875
9 0.3515625 0.3484375 0.08984375 0.13828125
9 0.81875 0.36484375 0.196875 0.23046875
9 0.4671875 0.32734375 0.15546875 0.14453125
9 0.6046875 0.371875 0.146875 0.175
9 0.59140625 0.30625 0.13828125 0.1109375
9 0.75625 0.28125 0.146875 0.096875
9 0.41015625 0.41171875 0.12734375 0.15
9 0.409375 0.5484375 0.1328125 0.4265625
9 0.71484375 0.271875 0.06015625 0.075
9 0.4515625 0.28828125 0.0515625 0.04921875
9 0.275 0.371875 0.0671875 0.06875
9 0.35 0.30859375 0.04453125 0.0453125
9 0.4984375 0.384375 0.06875 0.07265625
9 0.5890625 0.3234375 0.05703125 0.0546875
9 0.71328125 0.27265625 0.05 0.04765625
9 0.4140625 0.37109375 0.05859375 0.05703125
9 0.75703125 0.2921875 0.06171875 0.05703125
9 0.6921875 0.35546875 0.0703125 0.065625
9 0.5796875 0.2828125 0.04453125 0.03984375