9 0.853125 0.6140625 0.21796875 0.74296875
9 0.45234375 0.66953125 0.16796875 0.6421875
9 0.190625 0.6765625 0.16015625 0.62734375
9 0.3875 0.6546875 0.11484375 0.67578125
9 0.58515625 0.6578125 0.1390625 0.665625
9 0.6953125 0.63671875 0.15859375 0.70703125
9 0.29140625 0.703125 0.09921875 0.5796875
9 0.58046875 0.4125 0.04765625 0.0796875
9 0.2890625 0.49140625 0.04296875 0.07421875
9 0.484375 0.43984375 0.04296875 0.08203125
9 0.8 0.384375 0.0640625 0.10078125
9 0.6765625 0.40859375 0.04453125 0.09140625
9 0.3953125 0.421875 0.04140625 0.07421875
9 0.20703125 0.4375 0.04296875 0.071875