9 0.6109375 0.37890625 0.11875 0.3515625
9 0.82734375 0.4234375 0.10859375 0.303125
9 0.3390625 0.63125 0.15234375 0.33203125
9 0.7109375 0.38671875 0.1078125 0.31796875
9 0.8296875 0.6734375 0.13984375 0.3375
9 0.7359375 0.646875 0.13125 0.303125
9 0.50859375 0.371875 0.09765625 0.2875
9 0.39140625 0.4 0.13203125 0.42578125
9 0.21484375 0.615625 0.19921875 0.30703125
9 0.20625 0.4171875 0.09765625 0.35
9 0.44375 0.61171875 0.11640625 0.32265625
9 0.2875 0.390625 0.09296875 0.2734375
9 0.634375 0.6265625 0.11796875 0.2828125
9 0.53984375 0.61171875 0.1234375 0.31484375
9 0.815625 0.32734375 0.0390625 0.06640625
9 0.60625 0.2515625 0.0359375 0.05859375
9 0.7125 0.2734375 0.0328125 0.06015625
9 0.815625 0.56171875 0.0390625 0.071875
9 0.22578125 0.2875 0.034375 0.05234375
9 0.5515625 0.50234375 0.0328125 0.0625
9 0.38515625 0.234375 0.034375 0.05703125
9 0.70703125 0.5515625 0.0390625 0.06640625
9 0.334375 0.5140625 0.034375 0.05625
9 0.46875 0.50390625 0.0328125 0.0546875
9 0.628125 0.546875 0.034375 0.0625
9 0.296875 0.29765625 0.03125 0.053125
9 0.26953125 0.52265625 0.0390625 0.06875
9 0.50859375 0.27890625 0.03046875 0.05234375