9 0.13125 0.55234375 0.1171875 0.7625
9 0.909375 0.51328125 0.13203125 0.81953125
9 0.7234375 0.678125 0.1828125 0.60625
9 0.32578125 0.690625 0.140625 0.60390625
9 0.2328125 0.53203125 0.125 0.77109375
9 0.4546875 0.68671875 0.14296875 0.59921875
9 0.79375 0.5265625 0.12734375 0.76953125
9 0.55 0.32421875 0.134375 0.38671875
9 0.58359375 0.6515625 0.159375 0.640625
9 0.340625 0.35078125 0.11875 0.35546875
9 0.43984375 0.36484375 0.1109375 0.32890625
9 0.675 0.3328125 0.140625 0.35546875
9 0.04609375 0.4078125 0.02109375 0.04921875
9 0.02734375 0.40390625 0.021875 0.03671875
9 0.065625 0.403125 0.02109375 0.03984375
9 0.00859375 0.41171875 0.0171875 0.05546875
9 0.453125 0.45234375 0.04453125 0.09453125
9 0.66796875 0.2203125 0.034375 0.07421875
9 0.44609375 0.26015625 0.03828125 0.07890625
9 0.3453125 0.240625 0.040625 0.07890625
9 0.790625 0.20234375 0.03984375 0.078125
9 0.7125 0.4421875 0.04765625 0.09296875
9 0.58046875 0.41953125 0.04609375 0.09375
9 0.546875 0.19765625 0.0390625 0.08046875
9 0.89765625 0.1671875 0.040625 0.078125
9 0.1375 0.23515625 0.03828125 0.075
9 0.33984375 0.4546875 0.0421875 0.090625
9 0.240625 0.2140625 0.03984375 0.08046875