9 0.59375 0.46328125 0.1546875 0.8578125
9 0.1703125 0.4890625 0.1609375 0.903125
9 0.3171875 0.47265625 0.165625 0.83125
9 0.8109375 0.5046875 0.15859375 0.90703125
9 0.446875 0.45625 0.15078125 0.83671875
9 0.73203125 0.48515625 0.1359375 0.8328125
9 0.7109375 0.15390625 0.0546875 0.09296875
9 0.4546875 0.109375 0.053125 0.0953125
9 0.34765625 0.1375 0.053125 0.0984375
9 0.59375 0.1046875 0.05703125 0.1015625
9 0.18359375 0.1203125 0.05703125 0.08515625
9 0.81640625 0.15390625 0.06015625 0.1109375