9 0.9234375 0.6796875 0.14609375 0.5140625
9 0.1234375 0.7796875 0.171875 0.403125
9 0.853125 0.75078125 0.20546875 0.38359375
9 0.54140625 0.64296875 0.12890625 0.4421875
9 0.30859375 0.784375 0.15 0.4109375
9 0.67734375 0.7703125 0.1640625 0.43046875
9 0.12734375 0.553125 0.1640625 0.24140625
9 0.2890625 0.553125 0.14765625 0.30390625
9 0.66953125 0.53203125 0.1375 0.2328125
9 0.48359375 0.76875 0.17734375 0.3375
9 0.78671875 0.55 0.1296875 0.2265625
9 0.41875 0.64921875 0.1296875 0.44453125
9 0.3140625 0.62578125 0.0484375 0.05625
9 0.828125 0.61015625 0.0578125 0.0609375
9 0.13046875 0.625 0.05625 0.0640625
9 0.6671875 0.60390625 0.05234375 0.05546875
9 0.134375 0.47578125 0.05 0.05390625
9 0.91328125 0.4734375 0.05234375 0.05
9 0.78359375 0.4734375 0.0453125 0.053125
9 0.46953125 0.64453125 0.0453125 0.0546875
9 0.67109375 0.45625 0.04140625 0.0484375
9 0.54140625 0.4640625 0.0421875 0.04765625
9 0.2890625 0.45234375 0.0421875 0.03984375
9 0.4265625 0.4640625 0.03984375 0.0421875