9 0.13828125 0.6734375 0.2234375 0.63046875
9 0.49921875 0.7234375 0.1890625 0.534375
9 0.334375 0.70625 0.18125 0.56875
9 0.69609375 0.80546875 0.13984375 0.3734375
9 0.8328125 0.7671875 0.1703125 0.45
9 0.68828125 0.61640625 0.19140625 0.346875
9 0.4234375 0.4984375 0.1171875 0.328125
9 0.56875 0.85625 0.15 0.27578125
9 0.59296875 0.5125 0.12109375 0.32265625
9 0.6125 0.4421875 0.0625 0.09921875
9 0.68515625 0.715625 0.05234375 0.0953125
9 0.8015625 0.6359375 0.0609375 0.10859375
9 0.41015625 0.43359375 0.0546875 0.09765625
9 0.5078125 0.575 0.0546875 0.09921875
9 0.57109375 0.809375 0.0546875 0.103125
9 0.3359375 0.5203125 0.0609375 0.1109375
9 0.6765625 0.5515625 0.05859375 0.09375
9 0.1421875 0.4578125 0.06015625 0.12734375