9 0.15546875 0.63828125 0.21015625 0.39609375
9 0.09609375 0.4875 0.16015625 0.43671875
9 0.5703125 0.6640625 0.1734375 0.40625
9 0.371875 0.6609375 0.1796875 0.42109375
9 0.871875 0.55390625 0.13828125 0.48828125
9 0.7578125 0.6421875 0.1796875 0.39375
9 0.3390625 0.434375 0.1453125 0.48203125
9 0.22890625 0.53671875 0.115625 0.53203125
9 0.471875 0.54765625 0.12734375 0.50859375
9 0.65546875 0.48203125 0.15859375 0.4625
9 0.76796875 0.39765625 0.11484375 0.303125
9 0.54140625 0.41171875 0.090625 0.31640625
9 0.91015625 0.3921875 0.09921875 0.3515625
9 0.16328125 0.5125 0.04921875 0.09375
9 0.54609375 0.31953125 0.03671875 0.0734375
9 0.7609375 0.3109375 0.03984375 0.0796875
9 0.23203125 0.33125 0.03828125 0.078125
9 0.38046875 0.54375 0.05 0.1109375
9 0.77421875 0.51796875 0.05 0.09765625
9 0.65390625 0.3109375 0.03984375 0.08359375
9 0.1171875 0.3359375 0.0453125 0.08359375
9 0.865625 0.3765625 0.04453125 0.078125
9 0.465625 0.35703125 0.0375 0.07578125
9 0.88984375 0.27578125 0.0375 0.078125
9 0.5671875 0.5359375 0.046875 0.10859375
9 0.340625 0.26640625 0.040625 0.08359375