9 0.06875 0.6578125 0.1375 0.6625
9 0.8453125 0.6203125 0.146875 0.62421875
9 0.40703125 0.61953125 0.1484375 0.66484375
9 0.71171875 0.61484375 0.14140625 0.61015625
9 0.1734375 0.68046875 0.121875 0.62578125
9 0.2796875 0.60859375 0.14765625 0.72578125
9 0.61796875 0.5875 0.10625 0.59375
9 0.53125 0.61328125 0.13203125 0.62265625
9 0.31015625 0.23046875 0.1015625 0.37421875
9 0.1984375 0.2328125 0.1234375 0.459375
9 0.92421875 0.58125 0.1328125 0.62265625
9 0.596875 0.2234375 0.12109375 0.32421875
9 0.40390625 0.2171875 0.103125 0.3578125
9 0.7625 0.34375 0.078125 0.21484375
9 0.490625 0.24453125 0.0921875 0.3484375
9 0.76328125 0.54921875 0.07734375 0.61953125
9 0.61015625 0.346875 0.034375 0.0640625
9 0.278125 0.31171875 0.03984375 0.07421875
9 0.07109375 0.3890625 0.04609375 0.08515625
9 0.40234375 0.34375 0.040625 0.07734375
9 0.70859375 0.3671875 0.0375 0.0609375
9 0.19296875 0.0578125 0.034375 0.0671875
9 0.59296875 0.11328125 0.0296875 0.059375
9 0.9203125 0.31796875 0.03984375 0.07421875
9 0.75234375 0.2890625 0.03515625 0.0609375
9 0.16875 0.4203125 0.03984375 0.0671875
9 0.52421875 0.35234375 0.03515625 0.059375
9 0.84296875 0.365625 0.04140625 0.0703125
9 0.40234375 0.08515625 0.028125 0.0609375
9 0.48671875 0.11484375 0.025 0.05625
9 0.31015625 0.0984375 0.0296875 0.0625