9 0.89609375 0.62265625 0.09453125 0.634375
9 0.5046875 0.60703125 0.1203125 0.6515625
9 0.61328125 0.6171875 0.1 0.64453125
9 0.80234375 0.625 0.1109375 0.615625
9 0.30625 0.621875 0.10546875 0.61171875
9 0.2046875 0.6265625 0.1125 0.59140625
9 0.70078125 0.61484375 0.09453125 0.6296875
9 0.12421875 0.56171875 0.115625 0.6859375
9 0.4046875 0.61484375 0.09765625 0.62578125
9 0.2609375 0.35234375 0.06015625 0.215625
9 0.753125 0.58203125 0.07421875 0.63984375
9 0.35859375 0.5890625 0.06328125 0.60546875
9 0.6125 0.3484375 0.12421875 0.234375
9 0.44921875 0.5734375 0.0640625 0.5984375
9 0.4484375 0.3640625 0.06796875 0.1796875
9 0.31640625 0.365625 0.03203125 0.065625
9 0.80390625 0.36875 0.03671875 0.06875
9 0.5046875 0.334375 0.03359375 0.065625
9 0.25703125 0.29375 0.03359375 0.0703125
9 0.603125 0.3421875 0.034375 0.0703125
9 0.8859375 0.359375 0.034375 0.0640625
9 0.453125 0.31484375 0.03125 0.06015625
9 0.35859375 0.3296875 0.03203125 0.065625
9 0.14296875 0.271875 0.034375 0.0703125
9 0.4046875 0.35546875 0.03125 0.05859375
9 0.225 0.3765625 0.0296875 0.0640625
9 0.759375 0.309375 0.034375 0.0703125
9 0.6921875 0.3609375 0.03125 0.0640625
9 0.6125 0.275 0.0359375 0.07734375