9 0.1625 0.390625 0.03046875 0.05078125
9 0.75234375 0.39296875 0.02890625 0.05546875
9 0.6484375 0.39453125 0.03046875 0.06328125
9 0.046875 0.39765625 0.03828125 0.06953125
9 0.2609375 0.4 0.02734375 0.053125
9 0.9515625 0.4125 0.0328125 0.04921875
9 0.75703125 0.41328125 0.05546875 0.1203125
9 0.2609375 0.415625 0.046875 0.11640625
9 0.8875 0.41640625 0.03203125 0.04921875
9 0.30859375 0.4171875 0.03046875 0.05546875
9 0.796875 0.4171875 0.03203125 0.059375
9 0.12890625 0.4171875 0.03203125 0.05546875
9 0.17421875 0.4203125 0.06484375 0.15078125
9 0.553125 0.4234375 0.0328125 0.06328125
9 0.2265625 0.4265625 0.03046875 0.05703125
9 0.40546875 0.42890625 0.0359375 0.0609375
9 0.89140625 0.4296875 0.06796875 0.11640625
9 0.73359375 0.4421875 0.03046875 0.05546875
9 0.82578125 0.46640625 0.103125 0.1859375
9 0.65 0.47578125 0.03203125 0.053125
9 0.89140625 0.4796875 0.0359375 0.065625
9 0.95625 0.484375 0.0828125 0.24296875
9 0.80625 0.4921875 0.03203125 0.05703125
9 0.6421875 0.60234375 0.09765625 0.50234375
9 0.3109375 0.63046875 0.09765625 0.50625
9 0.1328125 0.6359375 0.09765625 0.53671875
9 0.23046875 0.64765625 0.12109375 0.53671875
9 0.55390625 0.65 0.12265625 0.5609375
9 0.73046875 0.65 0.09765625 0.5078125
9 0.409375 0.66953125 0.1296875 0.58359375
9 0.08203125 0.6703125 0.1640625 0.646875
9 0.6640625 0.67421875 0.10078125 0.5
9 0.82734375 0.684375 0.12109375 0.49609375
9 0.9296875 0.69375 0.13515625 0.54296875