9 0.1140625 0.740625 0.15 0.45546875
9 0.92421875 0.7328125 0.1078125 0.4109375
9 0.82421875 0.74765625 0.125 0.38515625
9 0.31015625 0.74296875 0.1140625 0.41640625
9 0.71171875 0.7375 0.13671875 0.40546875
9 0.20859375 0.7453125 0.1296875 0.40078125
9 0.5171875 0.7375 0.11484375 0.40390625
9 0.6203125 0.7484375 0.11015625 0.3890625
9 0.43125 0.7171875 0.14765625 0.4375
9 0.3703125 0.546875 0.04609375 0.065625
9 0.76953125 0.56328125 0.0546875 0.08671875
9 0.61796875 0.55859375 0.13828125 0.0984375
9 0.49609375 0.55234375 0.05234375 0.05859375
9 0.2421875 0.575 0.0390625 0.04375
9 0.1546875 0.54921875 0.04375 0.0453125
9 0.4203125 0.53671875 0.03984375 0.04375
9 0.8125 0.58984375 0.040625 0.04765625
9 0.64453125 0.5390625 0.0390625 0.03984375
9 0.7171875 0.56640625 0.03671875 0.0453125
9 0.89921875 0.5625 0.03984375 0.04296875
9 0.5296875 0.57734375 0.04140625 0.040625
9 0.3703125 0.54453125 0.03828125 0.03984375
9 0.3328125 0.571875 0.04296875 0.046875
9 0.6265625 0.58046875 0.0359375 0.040625
9 0.7671875 0.55234375 0.03515625 0.0375
9 0.49609375 0.54765625 0.03203125 0.03671875