9 0.81328125 0.54921875 0.2453125 0.878125
9 0.18515625 0.546875 0.16796875 0.8796875
9 0.453125 0.5390625 0.1296875 0.8390625
9 0.32578125 0.575 0.12109375 0.796875
9 0.63046875 0.55546875 0.14453125 0.8671875
9 0.74921875 0.2484375 0.10546875 0.40546875
9 0.703125 0.1890625 0.09140625 0.296875
9 0.565625 0.60078125 0.0765625 0.77109375
9 0.55078125 0.30078125 0.07734375 0.4109375
9 0.55390625 0.43984375 0.06875 0.52578125
9 0.809375 0.234375 0.078125 0.184375
9 0.18828125 0.2 0.05390625 0.1140625
9 0.4515625 0.20390625 0.04140625 0.103125
9 0.32421875 0.25078125 0.04296875 0.09765625
9 0.625 0.2265625 0.053125 0.13515625
9 0.6875 0.121875 0.04453125 0.1125
9 0.5625 0.17109375 0.03828125 0.09921875
9 0.76328125 0.1359375 0.0578125 0.14296875
9 0.571875 0.2953125 0.03984375 0.09765625