9 0.49140625 0.171875 0.02734375 0.0671875
9 0.35 0.175 0.0296875 0.0703125
9 0.42734375 0.18125 0.03203125 0.0609375
9 0.76015625 0.18203125 0.02421875 0.053125
9 0.8390625 0.1890625 0.02578125 0.0578125
9 0.7078125 0.1984375 0.07734375 0.30625
9 0.884375 0.20546875 0.0265625 0.0625
9 0.65234375 0.2234375 0.10390625 0.340625
9 0.24609375 0.22734375 0.034375 0.078125
9 0.83046875 0.2296875 0.06015625 0.17890625
9 0.35078125 0.2375 0.08203125 0.24453125
9 0.56640625 0.2375 0.08359375 0.271875
9 0.76171875 0.259375 0.04296875 0.2515625
9 0.2421875 0.26015625 0.046875 0.19140625
9 0.1296875 0.2609375 0.04296875 0.08359375
9 0.49453125 0.28046875 0.08203125 0.328125
9 0.80703125 0.28046875 0.0265625 0.0671875
9 0.43203125 0.28828125 0.0765625 0.33125
9 0.20859375 0.29609375 0.0421875 0.09140625
9 0.37578125 0.29609375 0.0375 0.08828125
9 0.28671875 0.3203125 0.0390625 0.08359375
9 0.64453125 0.33046875 0.02890625 0.0671875
9 0.71953125 0.34296875 0.0296875 0.0640625
9 0.56796875 0.3546875 0.03671875 0.08125
9 0.47734375 0.3921875 0.03515625 0.08125
9 0.88359375 0.396875 0.10859375 0.49140625
9 0.80625 0.4625 0.0875 0.47421875
9 0.7296875 0.4875 0.0953125 0.415625
9 0.64296875 0.49453125 0.096875 0.43828125
9 0.5671875 0.5125 0.1078125 0.45546875
9 0.37890625 0.5484375 0.10390625 0.6328125
9 0.47734375 0.5625 0.09296875 0.45546875
9 0.12109375 0.57890625 0.15 0.76484375
9 0.30234375 0.5859375 0.0984375 0.678125
9 0.2 0.60703125 0.178125 0.76640625
9 0.70546875 0.1 0.0265625 0.0671875
9 0.65546875 0.10546875 0.028125 0.06875
9 0.5671875 0.146875 0.028125 0.0640625