9 0.48984375 0.759375 0.1671875 0.471875
9 0.125 0.76328125 0.19140625 0.45703125
9 0.7921875 0.78515625 0.16796875 0.41640625
9 0.24453125 0.5453125 0.1140625 0.74140625
9 0.334375 0.77109375 0.1265625 0.4375
9 0.88359375 0.5015625 0.21875 0.74375
9 0.12578125 0.40859375 0.1421875 0.47890625
9 0.353125 0.521875 0.134375 0.75859375
9 0.5421875 0.5375 0.26171875 0.75
9 0.4671875 0.44296875 0.14765625 0.534375
9 0.71484375 0.53125 0.1640625 0.75
9 0.32890625 0.63203125 0.03828125 0.090625
9 0.46328125 0.24140625 0.03828125 0.08515625
9 0.12578125 0.603125 0.04609375 0.090625
9 0.75390625 0.64453125 0.03515625 0.08515625
9 0.1453125 0.24453125 0.0375 0.07421875
9 0.59296875 0.22890625 0.0390625 0.08203125
9 0.49609375 0.63046875 0.0390625 0.08046875
9 0.23515625 0.24609375 0.0375 0.08046875
9 0.35859375 0.2125 0.03828125 0.07890625
9 0.825 0.20234375 0.0375 0.07890625
9 0.70625 0.2234375 0.0375 0.0890625