9 0.4203125 0.6109375 0.1546875 0.75390625
9 0.91171875 0.6015625 0.16640625 0.76796875
9 0.06640625 0.5625 0.1328125 0.846875
9 0.1546875 0.64375 0.1703125 0.6890625
9 0.28515625 0.628125 0.1421875 0.725
9 0.79140625 0.6125 0.15234375 0.74609375
9 0.6609375 0.63125 0.1234375 0.7078125
9 0.5859375 0.3421875 0.07109375 0.24375
9 0.54453125 0.6265625 0.13359375 0.72265625
9 0.47578125 0.328125 0.05625 0.2390625
9 0.8421875 0.30703125 0.08359375 0.29453125
9 0.2203125 0.3515625 0.06640625 0.315625
9 0.3578125 0.32890625 0.06875 0.36640625
9 0.7046875 0.3625 0.0796875 0.30390625
9 0.05390625 0.23359375 0.05 0.1171875
9 0.36015625 0.23828125 0.04765625 0.121875
9 0.4203125 0.353125 0.0515625 0.1171875
9 0.16640625 0.403125 0.05234375 0.1171875
9 0.8359375 0.24296875 0.04765625 0.1171875
9 0.7015625 0.31328125 0.04375 0.11015625
9 0.5828125 0.30390625 0.04609375 0.10546875
9 0.9078125 0.32890625 0.0484375 0.1171875
9 0.2953125 0.3625 0.04765625 0.1125
9 0.221875 0.28125 0.04375 0.1078125
9 0.6390625 0.37578125 0.0484375 0.10546875
9 0.525 0.353125 0.04765625 0.1171875
9 0.4765625 0.29921875 0.0421875 0.10078125
9 0.77265625 0.34296875 0.04765625 0.121875