9 0.4375 0.2875 0.13203125 0.37109375
9 0.54609375 0.30859375 0.13828125 0.32421875
9 0.77265625 0.3125 0.16171875 0.3
9 0.31484375 0.31328125 0.1515625 0.40859375
9 0.6578125 0.33203125 0.13515625 0.4421875
9 0.7859375 0.396875 0.0515625 0.08203125
9 0.4015625 0.41640625 0.05 0.078125
9 0.5765625 0.421875 0.05 0.0796875
9 0.1953125 0.49453125 0.21328125 0.7359375
9 0.79921875 0.64921875 0.2515625 0.67109375
9 0.403125 0.66796875 0.2203125 0.6421875
9 0.5859375 0.66875 0.20859375 0.63984375
9 0.4515625 0.171875 0.03984375 0.0640625
9 0.3078125 0.17890625 0.0484375 0.06875
9 0.6546875 0.18125 0.04296875 0.0640625
9 0.2046875 0.19140625 0.05 0.084375
9 0.54765625 0.2109375 0.04140625 0.0625
9 0.76953125 0.215625 0.04140625 0.07109375