9 0.6734375 0.4578125 0.0375 0.0890625
9 0.64296875 0.4796875 0.0296875 0.0734375
9 0.43828125 0.50078125 0.0296875 0.0703125
9 0.55 0.5015625 0.03203125 0.0703125
9 0.6375 0.50390625 0.0484375 0.16796875
9 0.1875 0.50859375 0.03046875 0.0734375
9 0.390625 0.52421875 0.0328125 0.0796875
9 0.31875 0.5296875 0.0296875 0.06796875
9 0.75 0.5296875 0.04609375 0.0953125
9 0.79609375 0.5375 0.04140625 0.10546875
9 0.58984375 0.54453125 0.0296875 0.07109375
9 0.5421875 0.54921875 0.06875 0.20859375
9 0.31875 0.55078125 0.05390625 0.165625
9 0.440625 0.55078125 0.06640625 0.20703125
9 0.51484375 0.55234375 0.02890625 0.06875
9 0.48515625 0.553125 0.03125 0.0765625
9 0.2765625 0.553125 0.0328125 0.078125
9 0.859375 0.56796875 0.046875 0.10234375
9 0.1078125 0.5984375 0.0375 0.0765625
9 0.678125 0.6890625 0.12890625 0.60859375
9 0.18203125 0.7171875 0.1 0.52578125
9 0.7546875 0.71875 0.13984375 0.5421875
9 0.37265625 0.73203125 0.1359375 0.52421875
9 0.865625 0.7390625 0.128125 0.496875
9 0.2515625 0.740625 0.1328125 0.503125
9 0.5921875 0.740625 0.09140625 0.49921875
9 0.4921875 0.74296875 0.1265625 0.49453125
9 0.0953125 0.76171875 0.1609375 0.4609375