9 0.28359375 0.6265625 0.17890625 0.7265625
9 0.42421875 0.65234375 0.13203125 0.66875
9 0.878125 0.64375 0.165625 0.69140625
9 0.0921875 0.61484375 0.15546875 0.74375
9 0.5484375 0.65234375 0.1296875 0.67890625
9 0.7484375 0.671875 0.1203125 0.63828125
9 0.65546875 0.6765625 0.11796875 0.6296875
9 0.365625 0.37734375 0.07265625 0.24921875
9 0.196875 0.603125 0.15234375 0.77890625
9 0.7984375 0.3890625 0.08125 0.2375
9 0.4984375 0.396875 0.06328125 0.22578125
9 0.61640625 0.396875 0.05703125 0.2375
9 0.71328125 0.37421875 0.075 0.2703125
9 0.22578125 0.30703125 0.0546875 0.11015625
9 0.5703125 0.390625 0.04609375 0.0953125
9 0.30859375 0.3703125 0.05546875 0.11015625
9 0.11953125 0.34375 0.05625 0.11171875
9 0.85703125 0.3890625 0.05703125 0.115625
9 0.65 0.4515625 0.04609375 0.0984375
9 0.44296875 0.39921875 0.04765625 0.1015625
9 0.36953125 0.334375 0.046875 0.09296875
9 0.61640625 0.3578125 0.03828125 0.08359375
9 0.72265625 0.42890625 0.046875 0.09140625
9 0.4984375 0.3578125 0.04375 0.09375
9 0.71640625 0.32578125 0.046875 0.10390625
9 0.79296875 0.3359375 0.04921875 0.10390625