9 0.86796875 0.58515625 0.23046875 0.80859375
9 0.49140625 0.5734375 0.1359375 0.8359375
9 0.209375 0.60234375 0.2015625 0.77109375
9 0.35859375 0.57890625 0.16328125 0.8171875
9 0.60703125 0.6 0.14921875 0.78125
9 0.7 0.59921875 0.11875 0.7765625
9 0.08671875 0.58125 0.15 0.81328125
9 0.43984375 0.20234375 0.090625 0.3046875
9 0.49140625 0.2296875 0.04765625 0.09765625
9 0.86640625 0.271875 0.05859375 0.10859375
9 0.1234375 0.2625 0.0609375 0.11171875
9 0.36640625 0.2578125 0.05078125 0.10859375
9 0.453125 0.1296875 0.046875 0.096875
9 0.6 0.2796875 0.05078125 0.09765625
9 0.7078125 0.29296875 0.05 0.084375
9 0.2234375 0.328125 0.05859375 0.121875