9 0.11328125 0.51328125 0.203125 0.9421875
9 0.90859375 0.47109375 0.16640625 0.8734375
9 0.6421875 0.48671875 0.1828125 0.85
9 0.25234375 0.52109375 0.14296875 0.77109375
9 0.49765625 0.4625 0.128125 0.79609375
9 0.37890625 0.45625 0.17734375 0.85546875
9 0.76015625 0.440625 0.153125 0.80546875
9 0.67734375 0.11484375 0.06953125 0.15
9 0.49765625 0.1375 0.0453125 0.09375
9 0.90625 0.1125 0.04921875 0.090625
9 0.38828125 0.096875 0.05234375 0.11171875
9 0.24765625 0.2125 0.04453125 0.08046875
9 0.73515625 0.11484375 0.04921875 0.09765625
9 0.60546875 0.1421875 0.05 0.1
9 0.11796875 0.12265625 0.05546875 0.115625
9 0.67421875 0.09765625 0.03984375 0.08046875