9 0.646875 0.61796875 0.14453125 0.746875
9 0.765625 0.60546875 0.159375 0.771875
9 0.89140625 0.5890625 0.15390625 0.80546875
9 0.3359375 0.54375 0.17890625 0.89609375
9 0.528125 0.609375 0.1265625 0.76484375
9 0.19609375 0.5375 0.1703125 0.90390625
9 0.428125 0.58828125 0.11015625 0.809375
9 0.409375 0.24921875 0.04375 0.09375
9 0.74921875 0.2796875 0.04921875 0.08828125
9 0.509375 0.29140625 0.0421875 0.09453125
9 0.64375 0.30546875 0.046875 0.08828125
9 0.3375 0.17734375 0.05625 0.1125
9 0.25 0.18828125 0.06328125 0.11953125
9 0.88203125 0.25234375 0.046875 0.08828125