9 0.8609375 0.57265625 0.1640625 0.5421875
9 0.4953125 0.5765625 0.1328125 0.534375
9 0.11484375 0.58359375 0.16640625 0.53125
9 0.36875 0.5765625 0.13515625 0.534375
9 0.25234375 0.57265625 0.12890625 0.53671875
9 0.7140625 0.55625 0.14453125 0.55859375
9 0.609375 0.58359375 0.11953125 0.509375
9 0.484375 0.26171875 0.13515625 0.34765625
9 0.59609375 0.2796875 0.12734375 0.37265625
9 0.240625 0.28515625 0.15625 0.31796875
9 0.365625 0.26328125 0.12890625 0.32890625
9 0.7234375 0.2640625 0.15859375 0.32578125
9 0.25703125 0.3671875 0.04140625 0.08203125
9 0.140625 0.3875 0.04296875 0.0796875
9 0.715625 0.346875 0.04140625 0.07421875
9 0.49375 0.37109375 0.04140625 0.07421875
9 0.8296875 0.37421875 0.04296875 0.07421875
9 0.359375 0.1546875 0.04140625 0.07421875
9 0.47578125 0.153125 0.0390625 0.07109375
9 0.3734375 0.37421875 0.04296875 0.0796875
9 0.6046875 0.39453125 0.0390625 0.07109375
9 0.58515625 0.153125 0.0390625 0.07109375
9 0.71640625 0.1640625 0.04296875 0.07109375
9 0.24921875 0.19140625 0.04140625 0.065625