9 0.2046875 0.5296875 0.23671875 0.91171875
9 0.7625 0.503125 0.22265625 0.96484375
9 0.46953125 0.58046875 0.18046875 0.8125
9 0.58515625 0.5609375 0.1609375 0.853125
9 0.3609375 0.53203125 0.1765625 0.9140625
9 0.67109375 0.509375 0.13671875 0.9484375
9 0.67109375 0.20546875 0.1359375 0.3453125
9 0.37578125 0.18046875 0.05703125 0.12265625
9 0.48125 0.26328125 0.05625 0.12265625
9 0.57421875 0.21953125 0.05234375 0.115625
9 0.234375 0.17890625 0.06171875 0.1265625
9 0.7609375 0.1390625 0.06171875 0.1359375
9 0.68046875 0.13359375 0.05390625 0.125