9 0.71875 0.52578125 0.11953125 0.6265625
9 0.50078125 0.5265625 0.125 0.56484375
9 0.61015625 0.5359375 0.0953125 0.5359375
9 0.92265625 0.59453125 0.12578125 0.6546875
9 0.20390625 0.50703125 0.1046875 0.56484375
9 0.3890625 0.51484375 0.12578125 0.546875
9 0.83125 0.546875 0.10546875 0.615625
9 0.2890625 0.52578125 0.096875 0.52265625
9 0.06875 0.56171875 0.11796875 0.6
9 0.1203125 0.521875 0.08671875 0.60703125
9 0.4921875 0.29296875 0.03515625 0.06640625
9 0.3828125 0.28671875 0.03515625 0.06640625
9 0.20859375 0.2765625 0.0328125 0.0625
9 0.3015625 0.3125 0.03203125 0.0625
9 0.11171875 0.26953125 0.03359375 0.0578125
9 0.9328125 0.3203125 0.03828125 0.0640625
9 0.0625 0.31640625 0.0375 0.06875
9 0.83125 0.29140625 0.03828125 0.07578125
9 0.7140625 0.26171875 0.0359375 0.06953125
9 0.60234375 0.3203125 0.03046875 0.05625