9 0.33046875 0.2328125 0.06171875 0.08515625
9 0.471875 0.265625 0.06171875 0.0828125
9 0.6875 0.27890625 0.06015625 0.0828125
9 0.85703125 0.2796875 0.06171875 0.084375
9 0.0890625 0.3140625 0.06171875 0.0828125
9 0.9 0.41875 0.06953125 0.103125
9 0.7046875 0.42734375 0.0625 0.08984375
9 0.45390625 0.43125 0.065625 0.08671875
9 0.23203125 0.4421875 0.0640625 0.08828125
9 0.5125 0.4859375 0.1984375 0.559375
9 0.3390625 0.54765625 0.2203125 0.75390625
9 0.6640625 0.57734375 0.234375 0.72734375
9 0.84921875 0.5859375 0.14921875 0.75625
9 0.09609375 0.60078125 0.1890625 0.7046875
9 0.71875 0.66484375 0.18125 0.63125
9 0.90703125 0.66875 0.18125 0.65078125
9 0.4640625 0.66953125 0.1890625 0.61640625
9 0.2484375 0.67109375 0.2171875 0.6015625