9 0.0703125 0.61484375 0.125 0.5390625
9 0.16015625 0.596875 0.0953125 0.5
9 0.2546875 0.58046875 0.1078125 0.4421875
9 0.41484375 0.71875 0.1515625 0.384375
9 0.83984375 0.51328125 0.1421875 0.31171875
9 0.34140625 0.5765625 0.1015625 0.4171875
9 0.55390625 0.7203125 0.1484375 0.328125
9 0.6109375 0.5484375 0.0984375 0.39453125
9 0.7140625 0.5359375 0.109375 0.33671875
9 0.69921875 0.721875 0.1109375 0.30390625
9 0.83828125 0.75390625 0.1515625 0.28515625
9 0.51953125 0.5234375 0.09140625 0.29140625
9 0.075 0.38984375 0.03515625 0.0640625
9 0.1625 0.38828125 0.03203125 0.06171875
9 0.5859375 0.62734375 0.03828125 0.05546875
9 0.41484375 0.58984375 0.03671875 0.0640625
9 0.70234375 0.62890625 0.03671875 0.0515625
9 0.828125 0.6640625 0.03828125 0.05546875
9 0.60625 0.38828125 0.028125 0.0453125
9 0.8234375 0.40625 0.03828125 0.0515625
9 0.33671875 0.4125 0.03125 0.04375
9 0.5265625 0.4203125 0.025 0.0390625
9 0.25625 0.40625 0.025 0.04375
9 0.70859375 0.41640625 0.028125 0.0390625