9 0.103125 0.72734375 0.11953125 0.28203125
9 0.6375 0.70625 0.09765625 0.28515625
9 0.06484375 0.56015625 0.08671875 0.171875
9 0.39296875 0.659375 0.08828125 0.27265625
9 0.8734375 0.76328125 0.13671875 0.29296875
9 0.2921875 0.7125 0.1140625 0.24921875
9 0.76015625 0.64375 0.09296875 0.3140625
9 0.45546875 0.72734375 0.06640625 0.27421875
9 0.5234375 0.75546875 0.0984375 0.259375
9 0.1171875 0.48359375 0.06875 0.165625
9 0.8828125 0.46640625 0.09453125 0.21484375
9 0.2546875 0.54453125 0.08984375 0.2
9 0.9265625 0.5453125 0.084375 0.19375
9 0.20703125 0.7296875 0.08359375 0.29609375
9 0.84296875 0.671875 0.121875 0.2765625
9 0.69765625 0.64140625 0.09765625 0.26484375
9 0.4671875 0.5921875 0.08515625 0.1796875
9 0.56484375 0.69453125 0.07578125 0.28046875
9 0.5265625 0.484375 0.08203125 0.16796875
9 0.53671875 0.575 0.06953125 0.1859375
9 0.340625 0.609375 0.06875 0.25703125
9 0.1796875 0.5375 0.065625 0.134375
9 0.14609375 0.65078125 0.08203125 0.240625
9 0.1859375 0.45 0.0796875 0.165625
9 0.6125 0.55390625 0.06328125 0.1328125
9 0.32734375 0.453125 0.06875 0.1859375
9 0.45078125 0.49453125 0.06171875 0.1109375
9 0.3890625 0.50703125 0.065625 0.125
9 0.25078125 0.4171875 0.0734375 0.1703125
9 0.88515625 0.3640625 0.08359375 0.1265625
9 0.29453125 0.359375 0.065625 0.26640625
9 0.403125 0.3984375 0.06953125 0.18984375
9 0.225 0.3234375 0.07265625 0.15390625
9 0.5203125 0.375 0.059375 0.1578125
9 0.7 0.290625 0.0703125 0.21953125
9 0.6015625 0.39765625 0.06796875 0.19609375
9 0.4171875 0.30859375 0.0671875 0.15234375
9 0.70234375 0.45625 0.078125 0.15
9 0.17890625 0.3578125 0.0765625 0.134375
9 0.5640625 0.45703125 0.059375 0.19609375
9 0.66640625 0.40625 0.05703125 0.125
9 0.45546875 0.4375 0.08046875 0.16171875
9 0.57578125 0.2765625 0.0640625 0.18125
9 0.34375 0.35859375 0.06640625 0.21796875
9 0.7578125 0.3234375 0.05546875 0.15390625
9 0.8015625 0.56875 0.071875 0.296875
9 0.81796875 0.32265625 0.07421875 0.1421875
9 0.78984375 0.41875 0.0984375 0.16015625
9 0.63046875 0.48125 0.0703125 0.14609375
9 0.36796875 0.26875 0.06171875 0.1625
9 0.4328125 0.2578125 0.071875 0.2078125
9 0.7265625 0.51640625 0.065625 0.1328125
9 0.725 0.36875 0.06875 0.1359375
9 0.5015625 0.2609375 0.0640625 0.22734375
9 0.64296875 0.27890625 0.059375 0.13671875
9 0.796875 0.453125 0.02265625 0.04296875
9 0.80546875 0.37265625 0.025 0.04765625
9 0.87109375 0.57265625 0.025 0.04140625
9 0.64609375 0.59921875 0.025 0.04921875
9 0.0703125 0.625 0.02734375 0.046875
9 0.45625 0.625 0.0234375 0.04375
9 0.90078125 0.39921875 0.02421875 0.04140625
9 0.52734375 0.66484375 0.025 0.04765625
9 0.46015625 0.53828125 0.025 0.04765625
9 0.91875 0.6578125 0.02578125 0.04921875
9 0.275 0.61953125 0.02265625 0.04765625
9 0.24453125 0.48203125 0.025 0.046875
9 0.39296875 0.56328125 0.0234375 0.04140625
9 0.53828125 0.52421875 0.021875 0.04765625
9 0.7703125 0.521875 0.02265625 0.046875
9 0.1296875 0.56640625 0.0203125 0.03984375
9 0.059375 0.51328125 0.02265625 0.03984375
9 0.57265625 0.59375 0.02421875 0.04765625
9 0.73671875 0.328125 0.02265625 0.04140625
9 0.3875 0.47578125 0.01953125 0.03984375
9 0.715625 0.4125 0.0234375 0.0390625
9 0.559375 0.39453125 0.0203125 0.03984375
9 0.828125 0.28515625 0.021875 0.04140625
9 0.10625 0.4328125 0.0203125 0.0390625
9 0.4546875 0.38828125 0.01953125 0.03984375
9 0.6046875 0.33359375 0.0203125 0.03984375
9 0.6390625 0.44765625 0.021875 0.03984375
9 0.6984375 0.54609375 0.025 0.05
9 0.171875 0.509375 0.0203125 0.0375
9 0.64921875 0.24453125 0.01953125 0.0375
9 0.528125 0.43671875 0.021875 0.04921875
9 0.7359375 0.48515625 0.021875 0.03984375
9 0.94296875 0.49453125 0.02578125 0.04765625
9 0.52265625 0.32578125 0.01875 0.0359375
9 0.16875 0.325 0.021875 0.0375
9 0.76015625 0.278125 0.01953125 0.0390625
9 0.3390625 0.5203125 0.0203125 0.0390625
9 0.89453125 0.33828125 0.01953125 0.0359375
9 0.3984375 0.34140625 0.01953125 0.0390625
9 0.43515625 0.184375 0.01953125 0.0359375
9 0.1921875 0.62109375 0.02265625 0.0359375
9 0.21875 0.2796875 0.01953125 0.03984375
9 0.24375 0.36796875 0.021875 0.0390625
9 0.41875 0.259375 0.0203125 0.0375
9 0.6203125 0.52421875 0.0203125 0.0375
9 0.1734375 0.4 0.01953125 0.03984375
9 0.7078125 0.21171875 0.01796875 0.0359375
9 0.29296875 0.2609375 0.01953125 0.0359375
9 0.65703125 0.31640625 0.01875 0.03359375
9 0.36328125 0.21796875 0.01796875 0.0359375
9 0.5796875 0.21484375 0.01796875 0.0375
9 0.66875 0.37578125 0.01875 0.0359375
9 0.34375 0.278125 0.0171875 0.0359375
9 0.32578125 0.3953125 0.01796875 0.0359375
9 0.4484375 0.47578125 0.01953125 0.0359375
9 0.52578125 0.2734375 0.01953125 0.03515625
9 0.503125 0.17734375 0.01640625 0.03203125