9 0.76875 0.6296875 0.1578125 0.44765625
9 0.55703125 0.6296875 0.12109375 0.45078125
9 0.37109375 0.6296875 0.1171875 0.44765625
9 0.6515625 0.63046875 0.12265625 0.44921875
9 0.4609375 0.64453125 0.10390625 0.42109375
9 0.5671875 0.39453125 0.09765625 0.2515625
9 0.4734375 0.3953125 0.10390625 0.28359375
9 0.1796875 0.634375 0.11015625 0.43828125
9 0.2703125 0.63359375 0.10390625 0.43984375
9 0.3890625 0.38984375 0.10625 0.2765625
9 0.6546875 0.38828125 0.0890625 0.23515625
9 0.30078125 0.415625 0.0890625 0.29296875
9 0.7578125 0.425 0.1546875 0.27421875
9 0.209375 0.39375 0.10859375 0.29921875
9 0.5421875 0.46328125 0.0375 0.06953125
9 0.26796875 0.47265625 0.0390625 0.07734375
9 0.30546875 0.325 0.03359375 0.0640625
9 0.3765625 0.3015625 0.03359375 0.06171875
9 0.72734375 0.33828125 0.0375 0.075
9 0.5578125 0.31796875 0.03515625 0.0640625
9 0.4671875 0.3046875 0.03359375 0.0640625
9 0.4515625 0.4953125 0.04140625 0.07734375
9 0.7359375 0.46796875 0.04140625 0.07890625
9 0.634375 0.46171875 0.0359375 0.06953125
9 0.3609375 0.459375 0.03984375 0.0734375
9 0.6484375 0.32265625 0.03359375 0.06953125
9 0.1921875 0.4796875 0.03984375 0.075
9 0.2359375 0.29765625 0.03515625 0.06953125