9 0.62109375 0.42890625 0.08671875 0.109375
9 0.7125 0.4421875 0.09921875 0.12578125
9 0.0625 0.540625 0.109375 0.63046875
9 0.7828125 0.4171875 0.08828125 0.1421875
9 0.3875 0.43125 0.09140625 0.1140625
9 0.54609375 0.4375 0.08671875 0.09765625
9 0.30078125 0.4265625 0.08828125 0.1140625
9 0.79375 0.35546875 0.1046875 0.1765625
9 0.94765625 0.53125 0.10078125 0.36484375
9 0.46484375 0.43984375 0.08515625 0.11171875
9 0.659375 0.3953125 0.0578125 0.14453125
9 0.284375 0.29921875 0.08984375 0.2953125
9 0.86953125 0.428125 0.09765625 0.11171875
9 0.70546875 0.35546875 0.08203125 0.12578125
9 0.35 0.4 0.0515625 0.12109375
9 0.12109375 0.60234375 0.1109375 0.58125
9 0.41875 0.321875 0.0578125 0.2671875
9 0.525 0.3328125 0.0546875 0.28359375
9 0.215625 0.440625 0.09453125 0.090625
9 0.571875 0.37890625 0.059375 0.14453125
9 0.56875 0.31640625 0.0625 0.26953125
9 0.28125 0.33828125 0.02890625 0.0578125
9 0.4703125 0.43046875 0.02890625 0.06484375
9 0.3921875 0.41953125 0.03046875 0.0625
9 0.15859375 0.35234375 0.02890625 0.04921875
9 0.31328125 0.4171875 0.03203125 0.0671875
9 0.19921875 0.4421875 0.03203125 0.06015625
9 0.14921875 0.43515625 0.03203125 0.06484375
9 0.871875 0.421875 0.03203125 0.0671875
9 0.61875 0.41640625 0.03046875 0.05546875
9 0.7125 0.43359375 0.03203125 0.0625
9 0.7984375 0.396875 0.03046875 0.0578125
9 0.23046875 0.3671875 0.02734375 0.05546875
9 0.8015625 0.30546875 0.03046875 0.053125
9 0.075 0.38125 0.03046875 0.05546875
9 0.65234375 0.36171875 0.03046875 0.0578125
9 0.5546875 0.43359375 0.03046875 0.0625
9 0.41328125 0.3453125 0.02734375 0.053125
9 0.70625 0.33359375 0.02578125 0.04921875
9 0.35078125 0.3875 0.02734375 0.053125
9 0.9390625 0.39296875 0.03203125 0.05078125
9 0.50546875 0.35 0.02578125 0.04921875
9 0.57578125 0.3359375 0.02421875 0.04453125