9 0.88828125 0.5765625 0.17890625 0.81953125
9 0.096875 0.51171875 0.19375 0.940625
9 0.48203125 0.5375 0.1640625 0.88984375
9 0.3359375 0.57265625 0.1484375 0.8375
9 0.734375 0.5546875 0.16640625 0.8640625
9 0.23203125 0.61875 0.10625 0.740625
9 0.61171875 0.53203125 0.1390625 0.9140625
9 0.240625 0.34609375 0.0515625 0.11640625
9 0.7265625 0.2234375 0.05390625 0.125
9 0.60546875 0.17265625 0.0484375 0.11640625
9 0.35078125 0.25703125 0.05390625 0.1234375
9 0.47578125 0.2265625 0.0484375 0.11875
9 0.14453125 0.15078125 0.06640625 0.15625
9 0.871875 0.2703125 0.05859375 0.12734375