9 0.87421875 0.71796875 0.1203125 0.54453125
9 0.76015625 0.73125 0.10703125 0.52421875
9 0.2375 0.7109375 0.13359375 0.559375
9 0.55546875 0.7109375 0.115625 0.565625
9 0.1234375 0.71875 0.1328125 0.5328125
9 0.65546875 0.7390625 0.10078125 0.5015625
9 0.4515625 0.7140625 0.10078125 0.55546875
9 0.34453125 0.71953125 0.12734375 0.54453125
9 0.14140625 0.40546875 0.109375 0.296875
9 0.62734375 0.43125 0.08359375 0.2328125
9 0.49765625 0.4390625 0.0734375 0.32421875
9 0.38984375 0.43046875 0.08671875 0.23125
9 0.22109375 0.4515625 0.096875 0.28046875
9 0.4359375 0.37109375 0.06875 0.18515625
9 0.3140625 0.42421875 0.0875 0.2921875
9 0.553125 0.42890625 0.0796875 0.234375
9 0.91640625 0.5453125 0.0828125 0.4046875
9 0.678125 0.478125 0.0703125 0.34609375
9 0.81640625 0.45390625 0.0984375 0.28515625
9 0.26953125 0.34609375 0.06328125 0.1671875
9 0.74765625 0.4390625 0.0734375 0.2
9 0.584375 0.35546875 0.04921875 0.140625
9 0.778125 0.353125 0.0453125 0.14921875
9 0.71015625 0.3671875 0.0375 0.1671875
9 0.1375 0.5 0.03359375 0.07890625
9 0.45703125 0.49296875 0.0296875 0.0734375
9 0.55546875 0.484375 0.03046875 0.07734375
9 0.871875 0.50625 0.0328125 0.07890625
9 0.35625 0.496875 0.0328125 0.07578125
9 0.31953125 0.3265625 0.03046875 0.071875
9 0.26953125 0.3078125 0.0296875 0.071875
9 0.49375 0.32734375 0.02890625 0.07734375
9 0.8171875 0.3640625 0.03046875 0.07578125
9 0.14765625 0.3125 0.03125 0.0734375
9 0.2234375 0.3671875 0.0328125 0.071875
9 0.24921875 0.4859375 0.03046875 0.0734375
9 0.7125 0.32890625 0.028125 0.0671875
9 0.7515625 0.5171875 0.0296875 0.07734375
9 0.77890625 0.321875 0.0296875 0.0734375
9 0.390625 0.3625 0.0296875 0.07578125
9 0.90078125 0.396875 0.0296875 0.065625
9 0.44140625 0.32890625 0.028125 0.0734375
9 0.6703125 0.3546875 0.0265625 0.0671875
9 0.58671875 0.3296875 0.028125 0.06875
9 0.5453125 0.36171875 0.0296875 0.0734375
9 0.73828125 0.38984375 0.028125 0.06875
9 0.6546875 0.53125 0.028125 0.071875
9 0.6171875 0.3640625 0.028125 0.06875