9 0.8078125 0.54609375 0.146875 0.67578125
9 0.1390625 0.51640625 0.09296875 0.56640625
9 0.48515625 0.63359375 0.146875 0.5265625
9 0.21015625 0.5484375 0.12421875 0.58515625
9 0.3625 0.64921875 0.146875 0.5296875
9 0.62421875 0.65703125 0.15 0.53359375
9 0.721875 0.53046875 0.09375 0.56640625
9 0.48359375 0.29375 0.078125 0.16171875
9 0.43203125 0.2125 0.07578125 0.18984375
9 0.5546875 0.371875 0.1046875 0.265625
9 0.659375 0.3734375 0.10703125 0.30234375
9 0.43046875 0.3859375 0.09140625 0.240625
9 0.3734375 0.35546875 0.09296875 0.2796875
9 0.51875 0.21796875 0.0640625 0.17578125
9 0.27890625 0.5140625 0.1046875 0.57734375
9 0.2703125 0.2234375 0.08984375 0.19140625
9 0.35078125 0.22578125 0.06171875 0.18671875
9 0.65625 0.2359375 0.08671875 0.16953125
9 0.57734375 0.22890625 0.05546875 0.17421875
9 0.6015625 0.30390625 0.05234375 0.1546875
9 0.31875 0.37421875 0.04609375 0.28515625
9 0.38125 0.434375 0.0359375 0.07265625
9 0.740625 0.3046875 0.03671875 0.06640625
9 0.49453125 0.41328125 0.0390625 0.07421875
9 0.8078125 0.2640625 0.04296875 0.07734375
9 0.271875 0.26953125 0.0328125 0.06640625
9 0.4890625 0.2609375 0.03203125 0.06796875
9 0.66015625 0.27109375 0.0328125 0.06953125
9 0.434375 0.30703125 0.03125 0.05859375
9 0.5078125 0.175 0.0296875 0.05390625
9 0.61484375 0.4328125 0.0359375 0.07578125
9 0.58359375 0.18359375 0.0265625 0.05546875
9 0.3609375 0.17109375 0.02890625 0.05546875
9 0.315625 0.2765625 0.02890625 0.05546875
9 0.2046875 0.31015625 0.0328125 0.05546875
9 0.6 0.27578125 0.02890625 0.06015625
9 0.384375 0.2625 0.0296875 0.05859375
9 0.6546875 0.190625 0.0265625 0.05703125
9 0.4328125 0.16015625 0.02890625 0.05859375
9 0.1484375 0.2765625 0.03515625 0.05546875
9 0.54921875 0.290625 0.03125 0.07265625
9 0.271875 0.16875 0.02890625 0.05390625