9 0.159375 0.65234375 0.165625 0.675
9 0.86875 0.67265625 0.159375 0.63359375
9 0.759375 0.69453125 0.109375 0.59375
9 0.209375 0.72109375 0.13125 0.54140625
9 0.70234375 0.77890625 0.1484375 0.42890625
9 0.56640625 0.75859375 0.1640625 0.4625
9 0.3359375 0.771875 0.16875 0.43515625
9 0.4515625 0.74375 0.178125 0.44140625
9 0.3015625 0.49765625 0.09375 0.25390625
9 0.51796875 0.51171875 0.1265625 0.24765625
9 0.40703125 0.50234375 0.1265625 0.2875
9 0.64609375 0.52734375 0.1359375 0.30390625
9 0.02734375 0.81171875 0.0546875 0.36875
9 0.515625 0.45 0.04375 0.07109375
9 0.3 0.628125 0.053125 0.08984375
9 0.54296875 0.6 0.0515625 0.09140625
9 0.69140625 0.64765625 0.0515625 0.09140625
9 0.28984375 0.43515625 0.0453125 0.07890625
9 0.4046875 0.59453125 0.053125 0.08984375
9 0.63671875 0.43828125 0.0484375 0.07734375
9 0.81484375 0.421875 0.0453125 0.08125
9 0.24375 0.52578125 0.05 0.08515625
9 0.75546875 0.45859375 0.0453125 0.07890625
9 0.18359375 0.371875 0.0453125 0.07734375
9 0.4109375 0.44140625 0.040625 0.075