9 0.24765625 0.45234375 0.20625 0.5953125
9 0.5109375 0.40234375 0.2296875 0.77578125
9 0.72734375 0.60703125 0.146875 0.7609375
9 0.79140625 0.4375 0.10546875 0.73515625
9 0.63515625 0.37734375 0.13046875 0.6890625
9 0.4265625 0.4796875 0.17109375 0.59921875
9 0.42578125 0.15390625 0.13125 0.3078125
9 0.4 0.24609375 0.03984375 0.078125
9 0.71875 0.30234375 0.0453125 0.084375
9 0.28125 0.2265625 0.0375 0.07109375
9 0.59140625 0.11171875 0.034375 0.06875
9 0.50078125 0.1671875 0.0359375 0.075
9 0.75546875 0.13203125 0.03125 0.075