9 0.5390625 0.63203125 0.07109375 0.24140625
9 0.88046875 0.6453125 0.08125 0.22890625
9 0.46484375 0.6296875 0.0875 0.25234375
9 0.9546875 0.6578125 0.0734375 0.21484375
9 0.253125 0.6484375 0.07109375 0.22734375
9 0.1875 0.646875 0.07265625 0.2265625
9 0.3203125 0.64453125 0.07109375 0.23125
9 0.6765625 0.63515625 0.07734375 0.23515625
9 0.3921875 0.64375 0.07890625 0.23515625
9 0.6046875 0.6421875 0.07734375 0.21875
9 0.74609375 0.6421875 0.0828125 0.2296875
9 0.8140625 0.64375 0.0703125 0.225
9 0.12421875 0.65 0.0640625 0.2125
9 0.06328125 0.65 0.07109375 0.2203125
9 0.0484375 0.91328125 0.0921875 0.16875
9 0.35859375 0.91015625 0.1078125 0.17265625
9 0.05625 0.8578125 0.07734375 0.20859375
9 0.3546875 0.853125 0.09765625 0.19375
9 0.0375 0.85546875 0.0203125 0.0234375
9 0.3765625 0.8515625 0.0203125 0.025
9 0.32109375 0.55546875 0.0171875 0.0234375
9 0.05078125 0.78046875 0.01875 0.0234375
9 0.1859375 0.55546875 0.01875 0.0234375
9 0.81875 0.5578125 0.0171875 0.025
9 0.0625 0.56171875 0.0171875 0.02109375
9 0.36796875 0.78359375 0.01875 0.025
9 0.8859375 0.55859375 0.0171875 0.02265625
9 0.68203125 0.5421875 0.01875 0.0234375
9 0.4703125 0.53828125 0.01875 0.0234375
9 0.1296875 0.57109375 0.0171875 0.025
9 0.25390625 0.5578125 0.0171875 0.0234375
9 0.3921875 0.5484375 0.0171875 0.02265625
9 0.5453125 0.5421875 0.01640625 0.0234375
9 0.61015625 0.56015625 0.0171875 0.02265625
9 0.96328125 0.57421875 0.01875 0.0234375
9 0.7546875 0.55078125 0.01875 0.0234375