9 0.21875 0.4109375 0.0421875 0.10234375
9 0.3109375 0.4171875 0.0375 0.0953125
9 0.7859375 0.42734375 0.0375 0.1
9 0.65625 0.43359375 0.03515625 0.0921875
9 0.4921875 0.4359375 0.0390625 0.0875
9 0.60625 0.43984375 0.03515625 0.08515625
9 0.4078125 0.4453125 0.03984375 0.08515625
9 0.7203125 0.4484375 0.0359375 0.0921875
9 0.60546875 0.45859375 0.0609375 0.1875
9 0.5015625 0.47265625 0.0703125 0.25
9 0.5546875 0.49140625 0.0390625 0.0921875
9 0.4546875 0.5109375 0.0375 0.0921875
9 0.1875 0.66015625 0.13515625 0.675
9 0.30859375 0.6640625 0.1203125 0.64765625
9 0.39296875 0.6671875 0.08125 0.61484375
9 0.66953125 0.6671875 0.12890625 0.65
9 0.828125 0.66875 0.17109375 0.6375
9 0.73515625 0.67890625 0.0796875 0.6171875
9 0.5640625 0.6953125 0.13984375 0.58515625
9 0.4296875 0.70859375 0.1375 0.5625