9 0.82421875 0.5828125 0.31015625 0.8109375
9 0.528125 0.6046875 0.31640625 0.76875
9 0.14296875 0.675 0.27109375 0.621875
9 0.33046875 0.665625 0.1796875 0.6375
9 0.3453125 0.3765625 0.2875 0.41640625
9 0.66796875 0.62734375 0.125 0.7171875
9 0.665625 0.4421875 0.12109375 0.3453125
9 0.165625 0.4859375 0.0765625 0.128125
9 0.75703125 0.29609375 0.103125 0.17890625
9 0.6546875 0.37578125 0.08359375 0.1578125
9 0.5140625 0.3578125 0.08203125 0.153125
9 0.35546875 0.27890625 0.08359375 0.140625
9 0.3453125 0.46875 0.071875 0.11796875