9 0.1046875 0.53828125 0.134375 0.615625
9 0.54375 0.54296875 0.0765625 0.60546875
9 0.3890625 0.56640625 0.1203125 0.65625
9 0.7421875 0.609375 0.146875 0.7421875
9 0.475 0.53828125 0.07421875 0.6109375
9 0.1875 0.52734375 0.084375 0.68359375
9 0.253125 0.6109375 0.1 0.67578125
9 0.83203125 0.525 0.08203125 0.625
9 0.9203125 0.57734375 0.103125 0.740625
9 0.6140625 0.578125 0.096875 0.6328125
9 0.32109375 0.5171875 0.071875 0.60546875
9 0.6796875 0.5671875 0.078125 0.6734375
9 0.09296875 0.290625 0.0328125 0.08203125
9 0.2546875 0.334375 0.03046875 0.08203125
9 0.38828125 0.2984375 0.03046875 0.08203125
9 0.753125 0.30625 0.03203125 0.08203125
9 0.89609375 0.2734375 0.028125 0.078125
9 0.31328125 0.2734375 0.025 0.0703125
9 0.83203125 0.275 0.02734375 0.07421875
9 0.615625 0.3296875 0.03046875 0.08203125
9 0.48125 0.2875 0.028125 0.0703125
9 0.184375 0.24296875 0.02734375 0.084375
9 0.675 0.28828125 0.02421875 0.06875
9 0.54296875 0.29296875 0.025 0.078125