9 0.42421875 0.1828125 0.08046875 0.18984375
9 0.61484375 0.18359375 0.03984375 0.0703125
9 0.84765625 0.184375 0.04140625 0.071875
9 0.48671875 0.19375 0.0421875 0.075
9 0.36640625 0.19609375 0.03984375 0.0703125
9 0.253125 0.19765625 0.0390625 0.0671875
9 0.13203125 0.2 0.03984375 0.06875
9 0.5546875 0.2015625 0.0953125 0.3109375
9 0.74921875 0.2046875 0.0375 0.071875
9 0.61953125 0.26484375 0.13359375 0.27421875
9 0.265625 0.27109375 0.09609375 0.25859375
9 0.4859375 0.271875 0.13515625 0.246875
9 0.375 0.275 0.0984375 0.25390625
9 0.75859375 0.278125 0.07109375 0.25703125
9 0.7171875 0.2890625 0.04375 0.0828125
9 0.5953125 0.30859375 0.04375 0.08125
9 0.2015625 0.3109375 0.04609375 0.0734375
9 0.46875 0.3109375 0.04609375 0.0828125
9 0.33515625 0.31875 0.04609375 0.0859375
9 0.85859375 0.45859375 0.13828125 0.65859375
9 0.1171875 0.4703125 0.12265625 0.65078125
9 0.72578125 0.60859375 0.14609375 0.7515625
9 0.2 0.6140625 0.14296875 0.73359375
9 0.4671875 0.6171875 0.1328125 0.72734375
9 0.59140625 0.6171875 0.1421875 0.73984375
9 0.33515625 0.621875 0.14453125 0.71796875
9 0.29609375 0.075 0.04140625 0.0671875
9 0.725 0.0796875 0.0375 0.0609375
9 0.57421875 0.096875 0.03671875 0.065625
9 0.4328125 0.13515625 0.03125 0.0625
9 0.2828125 0.14609375 0.12890625 0.25078125
9 0.7234375 0.14765625 0.13125 0.24375