9 0.8375 0.6578125 0.146875 0.6328125
9 0.3078125 0.6359375 0.165625 0.70859375
9 0.67109375 0.61171875 0.1515625 0.6203125
9 0.5359375 0.60859375 0.1328125 0.76953125
9 0.425 0.5984375 0.13046875 0.68125
9 0.91953125 0.64375 0.11640625 0.7
9 0.75 0.60703125 0.1171875 0.640625
9 0.60390625 0.54375 0.1015625 0.61484375
9 0.61328125 0.3078125 0.03984375 0.0921875
9 0.3125 0.3734375 0.04765625 0.121875
9 0.671875 0.37578125 0.03984375 0.0953125
9 0.440625 0.3328125 0.04453125 0.09765625
9 0.53125 0.3109375 0.040625 0.1
9 0.740625 0.35078125 0.03671875 0.084375
9 0.890625 0.3578125 0.03828125 0.09453125
9 0.8359375 0.41171875 0.03828125 0.09453125