9 0.3046875 0.39609375 0.1234375 0.6328125
9 0.4453125 0.63046875 0.1765625 0.6015625
9 0.5890625 0.49765625 0.1359375 0.48671875
9 0.6953125 0.48203125 0.15390625 0.51796875
9 0.4546875 0.1921875 0.10390625 0.2875
9 0.3921875 0.4328125 0.12265625 0.43125
9 0.5234375 0.39296875 0.0953125 0.378125
9 0.6125 0.2640625 0.08984375 0.1703125
9 0.4703125 0.40390625 0.0375 0.08203125
9 0.528125 0.28203125 0.03125 0.0859375
9 0.415625 0.27578125 0.03125 0.07265625
9 0.334375 0.1375 0.02890625 0.06640625
9 0.62578125 0.23203125 0.0265625 0.0578125
9 0.603125 0.315625 0.03125 0.06875
9 0.67421875 0.27578125 0.03125 0.07734375
9 0.48046875 0.10390625 0.02890625 0.06640625