9 0.43046875 0.421875 0.0890625 0.3390625
9 0.77578125 0.5234375 0.103125 0.615625
9 0.3890625 0.67265625 0.13046875 0.43046875
9 0.503125 0.67890625 0.1265625 0.42109375
9 0.1859375 0.5609375 0.11875 0.51875
9 0.50546875 0.41171875 0.0703125 0.27578125
9 0.5578125 0.45078125 0.09375 0.35390625
9 0.67578125 0.690625 0.1109375 0.371875
9 0.35546875 0.4796875 0.0859375 0.25625
9 0.20390625 0.67890625 0.1125 0.39921875
9 0.709375 0.5125 0.0796875 0.53515625
9 0.65234375 0.428125 0.1 0.35546875
9 0.29453125 0.690625 0.11015625 0.39375
9 0.2796875 0.46796875 0.08359375 0.24296875
9 0.60078125 0.6984375 0.08671875 0.36328125
9 0.50703125 0.53046875 0.034375 0.07109375
9 0.40234375 0.51328125 0.03359375 0.07265625
9 0.28046875 0.4046875 0.03125 0.06875
9 0.30546875 0.546875 0.03046875 0.07421875
9 0.7140625 0.29765625 0.02890625 0.0578125
9 0.35078125 0.425 0.0296875 0.06171875
9 0.5578125 0.3265625 0.02734375 0.0578125
9 0.6625 0.5671875 0.03125 0.06328125
9 0.43125 0.29609375 0.02578125 0.0578125
9 0.65390625 0.30703125 0.02890625 0.065625
9 0.22578125 0.5375 0.03125 0.06875
9 0.515625 0.31796875 0.0265625 0.0546875
9 0.60625 0.5859375 0.0328125 0.06171875
9 0.76640625 0.26875 0.03046875 0.06875
9 0.21953125 0.36875 0.03125 0.0578125