9 0.58671875 0.29921875 0.034375 0.06171875
9 0.3984375 0.3203125 0.034375 0.06796875
9 0.66015625 0.321875 0.034375 0.06796875
9 0.25703125 0.32265625 0.0375 0.0703125
9 0.34140625 0.35 0.034375 0.0640625
9 0.534375 0.35703125 0.03203125 0.0578125
9 0.8046875 0.36015625 0.0359375 0.0640625
9 0.43828125 0.37109375 0.034375 0.065625
9 0.5890625 0.56328125 0.09609375 0.634375
9 0.3890625 0.57578125 0.06953125 0.61171875
9 0.65703125 0.5828125 0.11484375 0.6140625
9 0.2453125 0.5890625 0.109375 0.634375
9 0.80859375 0.5890625 0.10546875 0.5859375
9 0.534375 0.59296875 0.1109375 0.60234375
9 0.3390625 0.596875 0.1078125 0.59375
9 0.43828125 0.609375 0.1078125 0.57421875