9 0.1078125 0.55 0.165625 0.79453125
9 0.88984375 0.525 0.1453125 0.7359375
9 0.2375 0.5359375 0.12421875 0.73828125
9 0.5453125 0.54296875 0.12265625 0.6234375
9 0.76484375 0.53984375 0.12734375 0.653125
9 0.4375 0.5046875 0.13828125 0.71875
9 0.6546875 0.5421875 0.1140625 0.61796875
9 0.34375 0.5484375 0.121875 0.63828125
9 0.3515625 0.284375 0.0359375 0.071875
9 0.2640625 0.228125 0.0421875 0.08125
9 0.6421875 0.28203125 0.0375 0.071875
9 0.75390625 0.27109375 0.0375 0.06953125
9 0.8734375 0.20859375 0.04296875 0.0765625
9 0.54921875 0.296875 0.0375 0.06015625
9 0.45625 0.215625 0.03984375 0.07578125
9 0.1234375 0.22265625 0.0453125 0.0875