9 0.14609375 0.63125 0.25390625 0.709375
9 0.428125 0.63203125 0.30078125 0.70703125
9 0.6984375 0.65390625 0.290625 0.6671875
9 0.91953125 0.56875 0.15546875 0.8328125
9 0.05703125 0.5484375 0.1140625 0.88203125
9 0.796875 0.53359375 0.12109375 0.70390625
9 0.56484375 0.51171875 0.16953125 0.51796875
9 0.296875 0.615625 0.12890625 0.71796875
9 0.41640625 0.41328125 0.08671875 0.1984375
9 0.18046875 0.415625 0.08203125 0.190625
9 0.81171875 0.3046875 0.071875 0.165625
9 0.6796875 0.46171875 0.08203125 0.19296875
9 0.909375 0.30234375 0.090625 0.20546875
9 0.0703125 0.228125 0.06875 0.1546875
9 0.2734375 0.37421875 0.0671875 0.16328125
9 0.55859375 0.37890625 0.06796875 0.1578125