9 0.8328125 0.628125 0.16796875 0.62109375
9 0.5609375 0.66171875 0.1421875 0.57265625
9 0.41328125 0.63359375 0.16171875 0.63671875
9 0.68203125 0.6265625 0.1546875 0.64375
9 0.15390625 0.63203125 0.1578125 0.64765625
9 0.278125 0.66796875 0.134375 0.56875
9 0.5546875 0.45078125 0.04453125 0.0859375
9 0.28203125 0.453125 0.05078125 0.0984375
9 0.8046875 0.3875 0.05 0.0875
9 0.6828125 0.3734375 0.04921875 0.0875
9 0.15625 0.38671875 0.05078125 0.096875
9 0.41328125 0.3890625 0.04921875 0.0953125