9 0.93828125 0.5984375 0.11875 0.5765625
9 0.06171875 0.63125 0.1109375 0.521875
9 0.2296875 0.6078125 0.09765625 0.509375
9 0.853125 0.59765625 0.1046875 0.5390625
9 0.64453125 0.61328125 0.084375 0.453125
9 0.14609375 0.6265625 0.09296875 0.49609375
9 0.778125 0.6171875 0.0921875 0.48671875
9 0.7046875 0.603125 0.08984375 0.478125
9 0.51875 0.60390625 0.084375 0.50546875
9 0.57890625 0.60546875 0.0765625 0.4765625
9 0.3015625 0.60859375 0.06953125 0.49375
9 0.375 0.41875 0.084375 0.15234375
9 0.446875 0.4234375 0.07890625 0.1484375
9 0.8375 0.3734375 0.034375 0.053125
9 0.16484375 0.4203125 0.03203125 0.05078125
9 0.90703125 0.35625 0.03828125 0.05859375
9 0.084375 0.4109375 0.0328125 0.053125
9 0.2375 0.39375 0.0328125 0.05078125
9 0.5703125 0.40703125 0.0296875 0.0484375
9 0.7 0.40546875 0.03125 0.05078125
9 0.38046875 0.38359375 0.03046875 0.0484375
9 0.3015625 0.4046875 0.03125 0.04453125
9 0.51171875 0.40859375 0.03125 0.05234375
9 0.77109375 0.4328125 0.03203125 0.05625
9 0.45 0.39609375 0.03203125 0.046875
9 0.6375 0.42734375 0.0296875 0.046875