9 0.74296875 0.66796875 0.134375 0.54921875
9 0.85078125 0.65625 0.1265625 0.56796875
9 0.20390625 0.6390625 0.11875 0.5546875
9 0.6015625 0.66640625 0.1015625 0.52109375
9 0.27734375 0.634375 0.12109375 0.53359375
9 0.42578125 0.66015625 0.12890625 0.54921875
9 0.5140625 0.64453125 0.1171875 0.57578125
9 0.3546875 0.6578125 0.0796875 0.51328125
9 0.6609375 0.6390625 0.084375 0.5546875
9 0.36328125 0.44375 0.03125 0.06015625
9 0.64921875 0.41015625 0.0328125 0.06015625
9 0.51484375 0.41171875 0.0375 0.0625
9 0.72578125 0.43984375 0.0375 0.05703125
9 0.43359375 0.42734375 0.03515625 0.0625
9 0.2171875 0.3984375 0.03125 0.05703125
9 0.2890625 0.41171875 0.03515625 0.05703125
9 0.6 0.4515625 0.03125 0.0546875
9 0.85 0.41640625 0.0390625 0.0625