9 0.37109375 0.3921875 0.06875 0.11796875
9 0.75703125 0.434375 0.06953125 0.12421875
9 0.38046875 0.4875 0.1265625 0.3609375
9 0.1078125 0.4890625 0.07109375 0.1125
9 0.63046875 0.5 0.06484375 0.12109375
9 0.29140625 0.50390625 0.0734375 0.109375
9 0.75546875 0.521875 0.1828125 0.37421875
9 0.8828125 0.53203125 0.07734375 0.12578125
9 0.46796875 0.55390625 0.06875 0.12109375
9 0.66015625 0.690625 0.20859375 0.59296875
9 0.2765625 0.696875 0.22421875 0.5734375
9 0.0984375 0.69765625 0.196875 0.6015625
9 0.87265625 0.70859375 0.25 0.56015625
9 0.4765625 0.725 0.22578125 0.528125