9 0.13046875 0.55234375 0.16015625 0.8171875
9 0.74375 0.55625 0.17421875 0.8328125
9 0.2765625 0.571875 0.1421875 0.79140625
9 0.4296875 0.57578125 0.1640625 0.7796875
9 0.5796875 0.565625 0.16953125 0.8140625
9 0.86171875 0.5453125 0.13046875 0.76953125
9 0.6609375 0.40390625 0.1140625 0.57578125
9 0.2078125 0.22890625 0.06953125 0.17421875
9 0.34453125 0.4390625 0.11015625 0.62578125
9 0.5078125 0.21015625 0.10546875 0.2703125
9 0.34453125 0.23671875 0.11171875 0.22734375
9 0.20625 0.44375 0.06953125 0.603125
9 0.50859375 0.375 0.10390625 0.6
9 0.84296875 0.215625 0.04765625 0.07890625
9 0.65625 0.171875 0.04609375 0.0765625
9 0.12265625 0.21015625 0.04765625 0.07890625
9 0.7484375 0.20859375 0.05 0.07890625
9 0.42421875 0.2515625 0.0484375 0.08515625
9 0.33671875 0.18125 0.04453125 0.075
9 0.50859375 0.1390625 0.04609375 0.08046875
9 0.20234375 0.1984375 0.04609375 0.071875
9 0.58046875 0.228125 0.04765625 0.08046875
9 0.26640625 0.24140625 0.0515625 0.08515625