9 0.58046875 0.66953125 0.1203125 0.54921875
9 0.80234375 0.70546875 0.1171875 0.571875
9 0.6890625 0.6765625 0.1171875 0.55625
9 0.921875 0.72109375 0.12421875 0.5375
9 0.33046875 0.63125 0.09921875 0.57421875
9 0.10546875 0.63203125 0.13828125 0.62421875
9 0.23984375 0.6328125 0.09921875 0.57734375
9 0.47734375 0.66875 0.084375 0.4953125
9 0.4140625 0.66171875 0.090625 0.4953125
9 0.17578125 0.6078125 0.10234375 0.6
9 0.53671875 0.64296875 0.06484375 0.48515625
9 0.13203125 0.375 0.03203125 0.0609375
9 0.91484375 0.5015625 0.034375 0.07109375
9 0.68203125 0.4484375 0.0296875 0.06953125
9 0.346875 0.39375 0.034375 0.0640625
9 0.1890625 0.35625 0.03203125 0.06640625
9 0.48046875 0.46953125 0.02890625 0.05546875
9 0.39921875 0.4625 0.02734375 0.05546875
9 0.25234375 0.4078125 0.0328125 0.05703125
9 0.55078125 0.45859375 0.0265625 0.05390625
9 0.803125 0.475 0.0296875 0.0625
9 0.5984375 0.44453125 0.02890625 0.0640625