9 0.91953125 0.5703125 0.13828125 0.83828125
9 0.065625 0.53515625 0.1265625 0.83984375
9 0.24296875 0.54375 0.08671875 0.68203125
9 0.3359375 0.51484375 0.12265625 0.75234375
9 0.44140625 0.559375 0.11484375 0.684375
9 0.5171875 0.5703125 0.10859375 0.69296875
9 0.15703125 0.5328125 0.125 0.784375
9 0.81796875 0.59609375 0.12109375 0.79140625
9 0.68203125 0.59609375 0.0984375 0.765625
9 0.603125 0.55859375 0.0859375 0.784375
9 0.7515625 0.5640625 0.08828125 0.825
9 0.6296875 0.26953125 0.0421875 0.146875
9 0.81015625 0.275 0.05234375 0.10625
9 0.58984375 0.2359375 0.03828125 0.0828125
9 0.35234375 0.1984375 0.03671875 0.07265625
9 0.4421875 0.28046875 0.0359375 0.0703125
9 0.16875 0.19921875 0.03828125 0.0875
9 0.071875 0.18984375 0.04765625 0.08984375
9 0.74921875 0.21953125 0.040625 0.08515625
9 0.25625 0.26328125 0.03203125 0.075
9 0.52265625 0.2859375 0.03671875 0.0765625
9 0.6765625 0.2859375 0.03828125 0.08984375
9 0.91796875 0.2453125 0.0484375 0.1109375
9 0.6328125 0.25390625 0.03046875 0.06796875