9 0.6578125 0.46328125 0.203125 0.41171875
9 0.3390625 0.56484375 0.1890625 0.36484375
9 0.4703125 0.5015625 0.125 0.31484375
9 0.49921875 0.2515625 0.0375 0.15859375
9 0.534375 0.234375 0.0453125 0.1875
9 0.53515625 0.46875 0.08984375 0.29140625
9 0.6671875 0.2484375 0.040625 0.15859375
9 0.34765625 0.396875 0.12890625 0.15859375
9 0.3609375 0.428125 0.03515625 0.0546875
9 0.46015625 0.3921875 0.0328125 0.0546875
9 0.53125 0.36875 0.03125 0.0546875
9 0.60078125 0.321875 0.040625 0.0703125
9 0.371875 0.35703125 0.0296875 0.046875
9 0.53515625 0.16171875 0.01171875 0.02109375