9 0.8078125 0.57578125 0.1984375 0.82578125
9 0.61484375 0.5515625 0.175 0.8671875
9 0.378125 0.64609375 0.15859375 0.68515625
9 0.14453125 0.56484375 0.18359375 0.8484375
9 0.2234375 0.55546875 0.21640625 0.85546875
9 0.51796875 0.60703125 0.1640625 0.76796875
9 0.35078125 0.3265625 0.08359375 0.21171875
9 0.7953125 0.23671875 0.04609375 0.084375
9 0.5859375 0.1984375 0.0484375 0.0859375
9 0.1921875 0.3046875 0.0515625 0.09140625
9 0.39140625 0.37265625 0.0421875 0.075
9 0.3640625 0.2890625 0.0421875 0.06953125
9 0.5046875 0.3046875 0.04609375 0.0765625
9 0.2921875 0.3109375 0.05234375 0.09765625