9 0.1078125 0.63671875 0.13984375 0.48828125
9 0.51875 0.6765625 0.13203125 0.4640625
9 0.64921875 0.6703125 0.125 0.43125
9 0.38828125 0.65546875 0.12265625 0.48359375
9 0.76953125 0.675 0.125 0.44453125
9 0.24375 0.653125 0.12265625 0.4328125
9 0.06484375 0.528125 0.1296875 0.54609375
9 0.8890625 0.4390625 0.12890625 0.30546875
9 0.2984375 0.54609375 0.10625 0.51015625
9 0.8796875 0.6984375 0.12734375 0.39375
9 0.7609375 0.4546875 0.1203125 0.26953125
9 0.553125 0.56953125 0.0921875 0.48515625
9 0.18125 0.5375 0.10078125 0.5
9 0.42890625 0.54921875 0.103125 0.5
9 0.6546875 0.434375 0.109375 0.2421875
9 0.11796875 0.44609375 0.0390625 0.05546875
9 0.3859375 0.46328125 0.03671875 0.05703125
9 0.24609375 0.48125 0.03828125 0.06015625
9 0.50390625 0.5015625 0.034375 0.05234375
9 0.6546875 0.35234375 0.0296875 0.05078125
9 0.296875 0.32578125 0.03046875 0.04375
9 0.7765625 0.50546875 0.040625 0.0640625
9 0.88984375 0.5578125 0.04375 0.0640625
9 0.425 0.3390625 0.03046875 0.04765625
9 0.65546875 0.5015625 0.03671875 0.05546875
9 0.18359375 0.32734375 0.03046875 0.04765625
9 0.55546875 0.36796875 0.0296875 0.04609375
9 0.7625 0.3609375 0.0328125 0.04921875
9 0.0625 0.30234375 0.034375 0.05234375
9 0.8859375 0.3375 0.03671875 0.05703125