9 0.75625 0.48515625 0.1515625 0.746875
9 0.86953125 0.52421875 0.12578125 0.71328125
9 0.6359375 0.60859375 0.1234375 0.5953125
9 0.12578125 0.4890625 0.13359375 0.75859375
9 0.409375 0.596875 0.11953125 0.59140625
9 0.30234375 0.58671875 0.11796875 0.61171875
9 0.521875 0.58984375 0.1203125 0.60546875
9 0.18984375 0.60390625 0.1234375 0.59375
9 0.6375 0.30546875 0.11015625 0.25703125
9 0.534375 0.278125 0.09765625 0.24140625
9 0.43046875 0.2859375 0.11796875 0.25703125
9 0.334375 0.3 0.08203125 0.2328125
9 0.23203125 0.5140625 0.09765625 0.66171875
9 0.23203125 0.2984375 0.09765625 0.23515625
9 0.33359375 0.23515625 0.0359375 0.071875
9 0.2375 0.2390625 0.0359375 0.07578125
9 0.53046875 0.2125 0.0375 0.0734375
9 0.63046875 0.2328125 0.034375 0.0796875
9 0.42734375 0.2109375 0.034375 0.07578125
9 0.6328125 0.37578125 0.04453125 0.08984375
9 0.19453125 0.365625 0.03984375 0.07734375
9 0.75859375 0.17109375 0.04375 0.0796875
9 0.1390625 0.1734375 0.0375 0.0796875
9 0.86796875 0.228125 0.04375 0.0859375
9 0.52578125 0.34921875 0.04140625 0.08984375
9 0.30703125 0.34296875 0.0421875 0.0796875
9 0.4109375 0.36953125 0.0421875 0.07734375