9 0.11484375 0.64765625 0.1046875 0.55390625
9 0.909375 0.75703125 0.1078125 0.41328125
9 0.059375 0.6234375 0.0859375 0.5671875
9 0.68515625 0.73515625 0.09140625 0.35546875
9 0.55 0.61484375 0.078125 0.49609375
9 0.4921875 0.7421875 0.08984375 0.37265625
9 0.7453125 0.5953125 0.08828125 0.5078125
9 0.39921875 0.7296875 0.09375 0.38984375
9 0.34765625 0.621875 0.08515625 0.540625
9 0.78671875 0.7484375 0.09453125 0.3609375
9 0.66796875 0.51796875 0.07265625 0.2953125
9 0.284375 0.7546875 0.10078125 0.3515625
9 0.5984375 0.75078125 0.08125 0.33984375
9 0.18515625 0.77109375 0.0921875 0.35703125
9 0.81640625 0.61640625 0.08046875 0.51171875
9 0.42578125 0.61953125 0.08046875 0.509375
9 0.60390625 0.50546875 0.0703125 0.31640625
9 0.896875 0.52109375 0.0890625 0.28203125
9 0.20234375 0.55 0.078125 0.35546875
9 0.93984375 0.50859375 0.0671875 0.3453125
9 0.2796875 0.5109375 0.07265625 0.2796875
9 0.484375 0.49296875 0.06015625 0.2375
9 0.6390625 0.39609375 0.0453125 0.13125
9 0.78125 0.39296875 0.0453125 0.121875
9 0.51875 0.39609375 0.0421875 0.15078125
9 0.15859375 0.41328125 0.05625 0.14296875
9 0.23828125 0.5296875 0.05 0.353125
9 0.68828125 0.384375 0.05078125 0.13125
9 0.57578125 0.38046875 0.03359375 0.13125
9 0.30703125 0.40625 0.03359375 0.10625
9 0.45234375 0.38671875 0.03671875 0.13671875
9 0.85625 0.40234375 0.05 0.15234375
9 0.92734375 0.3765625 0.02734375 0.0578125
9 0.38359375 0.4015625 0.02421875 0.05390625
9 0.4953125 0.603125 0.02578125 0.0640625
9 0.59765625 0.62421875 0.02578125 0.06015625
9 0.1578125 0.3859375 0.025 0.05390625
9 0.74765625 0.390625 0.025 0.05625
9 0.1875 0.6359375 0.025 0.0640625
9 0.8890625 0.42109375 0.028125 0.0578125
9 0.2828125 0.4109375 0.02421875 0.0578125
9 0.54921875 0.4109375 0.02421875 0.06171875
9 0.27421875 0.63515625 0.02734375 0.0578125
9 0.45 0.36015625 0.02421875 0.05625
9 0.7890625 0.61484375 0.02421875 0.06015625
9 0.35078125 0.39765625 0.025 0.0578125
9 0.48515625 0.4171875 0.021875 0.05
9 0.8890625 0.60234375 0.03046875 0.06953125
9 0.42890625 0.4125 0.02265625 0.06015625
9 0.81484375 0.4015625 0.025 0.06171875
9 0.6890625 0.6078125 0.03046875 0.0578125
9 0.1203125 0.41484375 0.02734375 0.06171875
9 0.78828125 0.3765625 0.02421875 0.05
9 0.30859375 0.4 0.02421875 0.05
9 0.525 0.36875 0.021875 0.05
9 0.66953125 0.4140625 0.02421875 0.05625
9 0.578125 0.3578125 0.02421875 0.05625
9 0.23671875 0.4 0.02265625 0.05390625
9 0.1984375 0.41796875 0.025 0.06015625
9 0.07265625 0.40078125 0.028125 0.06015625
9 0.85625 0.37265625 0.025 0.0578125
9 0.40390625 0.58671875 0.02734375 0.0578125
9 0.60390625 0.39296875 0.02265625 0.05625
9 0.478125 0.32890625 0.021875 0.05234375
9 0.64921875 0.37265625 0.02265625 0.05390625
9 0.3984375 0.34921875 0.02265625 0.05
9 0.55078125 0.328125 0.021875 0.05
9 0.6203125 0.353125 0.02265625 0.05390625
9 0.31640625 0.34375 0.021875 0.05390625
9 0.68125 0.36328125 0.021875 0.04609375
9 0.72265625 0.37734375 0.01953125 0.0484375