9 0.69140625 0.25234375 0.040625 0.103125
9 0.7625 0.25546875 0.03828125 0.0921875
9 0.22578125 0.27109375 0.03828125 0.0890625
9 0.1140625 0.27578125 0.046875 0.11484375
9 0.37890625 0.284375 0.03515625 0.0875
9 0.55546875 0.29296875 0.03125 0.08359375
9 0.85 0.30859375 0.0484375 0.11171875
9 0.69609375 0.31953125 0.090625 0.27890625
9 0.44375 0.32578125 0.034375 0.08515625
9 0.6140625 0.34375 0.03046875 0.08359375
9 0.30625 0.353125 0.034375 0.08515625
9 0.50703125 0.35703125 0.0328125 0.08203125
9 0.15546875 0.35859375 0.06484375 0.14140625
9 0.165625 0.37109375 0.03984375 0.11015625
9 0.68515625 0.37109375 0.03671875 0.0921875
9 0.5578125 0.4953125 0.07734375 0.540625
9 0.37265625 0.51171875 0.084375 0.6
9 0.4421875 0.525 0.11796875 0.5203125
9 0.6078125 0.53046875 0.08671875 0.51328125
9 0.50546875 0.53125 0.071875 0.4765625
9 0.83984375 0.54296875 0.234375 0.73671875
9 0.78046875 0.55 0.11953125 0.75078125
9 0.69921875 0.57890625 0.10625 0.553125
9 0.08046875 0.58515625 0.16015625 0.80078125
9 0.20078125 0.5890625 0.14453125 0.79375
9 0.90546875 0.59921875 0.17109375 0.76953125
9 0.30625 0.634375 0.103125 0.71015625