9 0.79296875 0.58515625 0.11015625 0.765625
9 0.89765625 0.465625 0.0796875 0.2984375
9 0.17734375 0.5390625 0.159375 0.77734375
9 0.34453125 0.66484375 0.13359375 0.565625
9 0.628125 0.6546875 0.1296875 0.5515625
9 0.69296875 0.565625 0.11796875 0.7234375
9 0.44765625 0.65 0.1046875 0.54375
9 0.2890625 0.54375 0.12421875 0.740625
9 0.54453125 0.66171875 0.12265625 0.51796875
9 0.4921875 0.34765625 0.10390625 0.3109375
9 0.58984375 0.32578125 0.109375 0.33828125
9 0.39375 0.34140625 0.11796875 0.32421875
9 0.28046875 0.23046875 0.03828125 0.0765625
9 0.45 0.43828125 0.0375 0.08671875
9 0.36171875 0.44140625 0.040625 0.08671875
9 0.20390625 0.23203125 0.040625 0.08515625
9 0.49609375 0.24921875 0.03671875 0.08125
9 0.59453125 0.22265625 0.03671875 0.08125
9 0.621875 0.44453125 0.03828125 0.06953125
9 0.39609375 0.234375 0.03515625 0.075
9 0.69609375 0.265625 0.03515625 0.0828125
9 0.78125 0.26796875 0.04140625 0.08359375
9 0.50859375 0.46015625 0.0375 0.08671875
9 0.90234375 0.3421875 0.01328125 0.03046875