9 0.35390625 0.14140625 0.04609375 0.075
9 0.49609375 0.15546875 0.040625 0.0765625
9 0.621875 0.1875 0.04296875 0.08046875
9 0.74140625 0.19296875 0.03984375 0.07734375
9 0.4671875 0.20234375 0.0453125 0.0859375
9 0.36875 0.21015625 0.09453125 0.228125
9 0.496875 0.21640625 0.1515625 0.21640625
9 0.309375 0.24375 0.0484375 0.07890625
9 0.60546875 0.246875 0.13125 0.2171875
9 0.746875 0.26171875 0.12890625 0.24921875
9 0.59453125 0.3 0.04765625 0.090625
9 0.7453125 0.30078125 0.03984375 0.07890625
9 0.4046875 0.303125 0.05078125 0.08203125
9 0.68671875 0.309375 0.03984375 0.0734375
9 0.2390625 0.3171875 0.05390625 0.0828125
9 0.84140625 0.3171875 0.04609375 0.0828125
9 0.321875 0.33828125 0.1078125 0.30703125
9 0.16328125 0.44453125 0.14921875 0.78125
9 0.478125 0.49453125 0.1125 0.715625
9 0.31328125 0.54375 0.12109375 0.71953125
9 0.7453125 0.5734375 0.1015625 0.6625
9 0.6890625 0.59375 0.1171875 0.68671875
9 0.5765625 0.61171875 0.190625 0.7640625
9 0.21796875 0.61171875 0.16484375 0.7546875
9 0.39765625 0.615625 0.184375 0.75
9 0.8390625 0.628125 0.134375 0.73359375
9 0.1984375 0.12421875 0.0515625 0.0828125