9 0.91875 0.628125 0.1078125 0.678125
9 0.78203125 0.74453125 0.10390625 0.484375
9 0.86015625 0.58125 0.0828125 0.678125
9 0.34375 0.71875 0.09296875 0.39296875
9 0.62265625 0.72578125 0.103125 0.4421875
9 0.10625 0.734375 0.10234375 0.4421875
9 0.16015625 0.44453125 0.0703125 0.33359375
9 0.0828125 0.58671875 0.1046875 0.60859375
9 0.253125 0.2265625 0.13203125 0.29296875
9 0.18984375 0.71640625 0.0859375 0.39296875
9 0.09921875 0.228125 0.078125 0.34921875
9 0.3375 0.4796875 0.07890625 0.30234375
9 0.69765625 0.7453125 0.06875 0.4203125
9 0.8015625 0.46640625 0.06328125 0.378125
9 0.221875 0.45859375 0.07890625 0.31796875
9 0.26484375 0.7203125 0.07734375 0.39140625
9 0.28359375 0.45546875 0.07265625 0.315625
9 0.75234375 0.48125 0.0828125 0.31328125
9 0.4578125 0.5234375 0.078125 0.48203125
9 0.74921875 0.26875 0.07265625 0.33359375
9 0.62890625 0.25703125 0.0640625 0.3625
9 0.6125 0.46875 0.075 0.3203125
9 0.39375 0.51640625 0.06796875 0.49140625
9 0.528125 0.53984375 0.071875 0.44453125
9 0.5390625 0.72109375 0.0703125 0.4109375
9 0.6796875 0.4796875 0.071875 0.32890625
9 0.43359375 0.72578125 0.10703125 0.384375
9 0.32265625 0.31328125 0.05078125 0.16875
9 0.5703125 0.45234375 0.06015625 0.34453125
9 0.42890625 0.30859375 0.0421875 0.178125
9 0.4890625 0.34453125 0.04375 0.1734375
9 0.7921875 0.33359375 0.025 0.06640625
9 0.86484375 0.3 0.02578125 0.0625
9 0.2671875 0.58359375 0.025 0.06875
9 0.19765625 0.58359375 0.02578125 0.0734375
9 0.44765625 0.59296875 0.021875 0.06640625
9 0.34296875 0.5859375 0.02421875 0.0640625
9 0.7640625 0.58671875 0.028125 0.07109375
9 0.69765625 0.59453125 0.02421875 0.06875
9 0.92734375 0.35703125 0.02734375 0.0734375
9 0.678125 0.365625 0.02265625 0.0640625
9 0.434375 0.27890625 0.021875 0.0640625
9 0.12578125 0.584375 0.02734375 0.07109375
9 0.2328125 0.35546875 0.02265625 0.0578125
9 0.1140625 0.3375 0.021875 0.0625
9 0.621875 0.5765625 0.025 0.0640625
9 0.16640625 0.3265625 0.02265625 0.0625
9 0.54140625 0.571875 0.025 0.06015625
9 0.51953125 0.36640625 0.02109375 0.0578125
9 0.74921875 0.384375 0.02421875 0.0625
9 0.28671875 0.35546875 0.021875 0.0625
9 0.315625 0.2875 0.02109375 0.05546875
9 0.4953125 0.30859375 0.021875 0.0625
9 0.39296875 0.34140625 0.021875 0.06015625
9 0.615625 0.35859375 0.01875 0.05546875
9 0.575 0.3265625 0.021875 0.0625
9 0.24921875 0.16640625 0.02265625 0.0625
9 0.63671875 0.13984375 0.021875 0.053125
9 0.4546875 0.3453125 0.02109375 0.05546875
9 0.121875 0.10546875 0.02421875 0.0640625
9 0.36015625 0.38359375 0.02109375 0.05078125
9 0.746875 0.165625 0.02265625 0.05078125