9 0.74453125 0.621875 0.1125 0.459375
9 0.38125 0.615625 0.1328125 0.471875
9 0.51171875 0.628125 0.13984375 0.471875
9 0.17109375 0.63359375 0.12734375 0.4609375
9 0.22421875 0.325 0.1140625 0.425
9 0.36875 0.33671875 0.14296875 0.47734375
9 0.6375 0.6109375 0.12109375 0.48125
9 0.265625 0.64453125 0.134375 0.4359375
9 0.5921875 0.33203125 0.1140625 0.50078125
9 0.70546875 0.29609375 0.153125 0.45390625
9 0.47734375 0.3234375 0.17109375 0.5296875
9 0.5203125 0.38203125 0.09765625 0.26640625
9 0.7484375 0.46484375 0.03984375 0.08359375
9 0.17421875 0.47421875 0.03671875 0.07109375
9 0.60546875 0.146875 0.03359375 0.0796875
9 0.378125 0.45 0.0375 0.0875
9 0.47890625 0.12890625 0.034375 0.0796875
9 0.51796875 0.4515625 0.0359375 0.0875
9 0.5171875 0.321875 0.0328125 0.08515625
9 0.3828125 0.16640625 0.0359375 0.08203125
9 0.67734375 0.13046875 0.034375 0.0875
9 0.26640625 0.5125 0.03671875 0.0671875
9 0.63515625 0.44453125 0.0359375 0.0765625
9 0.2234375 0.184375 0.034375 0.08203125