9 0.840625 0.56953125 0.3078125 0.83359375
9 0.53046875 0.63828125 0.31171875 0.68984375
9 0.27265625 0.60703125 0.28203125 0.75859375
9 0.11796875 0.54921875 0.225 0.86875
9 0.66953125 0.5703125 0.18828125 0.8265625
9 0.4140625 0.359375 0.1828125 0.42734375
9 0.52578125 0.43046875 0.0859375 0.16640625
9 0.26875 0.34609375 0.0828125 0.15234375
9 0.16640625 0.21796875 0.08984375 0.1546875
9 0.6734375 0.26328125 0.09296875 0.1828125
9 0.4390625 0.2703125 0.08984375 0.1546875
9 0.8453125 0.28984375 0.0953125 0.16171875