9 0.171875 0.2578125 0.040625 0.0828125
9 0.6421875 0.29765625 0.0375 0.07109375
9 0.4015625 0.3125 0.03515625 0.06796875
9 0.50390625 0.3125 0.03515625 0.07109375
9 0.73671875 0.321875 0.0375 0.07890625
9 0.26484375 0.325 0.0375 0.07578125
9 0.5828125 0.328125 0.03671875 0.07265625
9 0.64609375 0.3328125 0.0796875 0.19609375
9 0.8109375 0.3359375 0.04375 0.0875
9 0.32421875 0.353125 0.03359375 0.065625
9 0.73828125 0.39453125 0.1078125 0.25078125
9 0.496875 0.39765625 0.096875 0.27734375
9 0.578125 0.39765625 0.0921875 0.2578125
9 0.40703125 0.3984375 0.0953125 0.2921875
9 0.33046875 0.44375 0.07734375 0.290625
9 0.64609375 0.45234375 0.0453125 0.0890625
9 0.46796875 0.49140625 0.0421875 0.0859375
9 0.3734375 0.50546875 0.0421875 0.084375
9 0.559375 0.50625 0.04296875 0.0859375
9 0.14609375 0.55 0.16796875 0.8296875
9 0.25546875 0.60625 0.1234375 0.69140625
9 0.8234375 0.61796875 0.14609375 0.7109375
9 0.69921875 0.68671875 0.18203125 0.60390625
9 0.46328125 0.70625 0.10546875 0.54765625
9 0.56015625 0.709375 0.13125 0.534375
9 0.36328125 0.71484375 0.1390625 0.5578125