9 0.1296875 0.48046875 0.13203125 0.86484375
9 0.49296875 0.6296875 0.171875 0.590625
9 0.63359375 0.6203125 0.14453125 0.60546875
9 0.60390625 0.27421875 0.1421875 0.390625
9 0.24375 0.6359375 0.15078125 0.5953125
9 0.878125 0.4828125 0.13984375 0.82578125
9 0.771875 0.63046875 0.15546875 0.5953125
9 0.36875 0.61640625 0.128125 0.6109375
9 0.471875 0.271875 0.14140625 0.38359375
9 0.35078125 0.2625 0.1296875 0.35859375
9 0.24609375 0.296875 0.125 0.3921875
9 0.74375 0.28984375 0.14921875 0.39609375
9 0.48203125 0.14609375 0.046875 0.090625
9 0.7296875 0.15859375 0.04921875 0.0953125
9 0.38203125 0.37734375 0.0484375 0.0890625
9 0.2703125 0.4125 0.04921875 0.10390625
9 0.49375 0.40078125 0.04453125 0.0890625
9 0.36015625 0.1484375 0.04453125 0.0890625
9 0.16171875 0.12734375 0.04609375 0.090625
9 0.865625 0.1421875 0.046875 0.08671875
9 0.6015625 0.14765625 0.04609375 0.090625
9 0.6234375 0.3875 0.046875 0.0890625
9 0.74609375 0.40625 0.0484375 0.09921875
9 0.25390625 0.16875 0.04140625 0.08515625