9 0.17265625 0.2140625 0.05390625 0.08125
9 0.2796875 0.25859375 0.0421875 0.0734375
9 0.815625 0.26015625 0.040625 0.0734375
9 0.52421875 0.2703125 0.0375 0.06796875
9 0.4359375 0.27109375 0.0390625 0.07421875
9 0.62265625 0.27578125 0.0359375 0.0625
9 0.35390625 0.278125 0.03828125 0.06640625
9 0.8890625 0.284375 0.03984375 0.0734375
9 0.34296875 0.2984375 0.0625 0.12890625
9 0.43125 0.30859375 0.0859375 0.17578125
9 0.61875 0.31015625 0.10859375 0.1625
9 0.7078125 0.31171875 0.04609375 0.0828125
9 0.51640625 0.31875 0.07890625 0.1796875
9 0.02890625 0.3328125 0.05 0.225
9 0.61953125 0.340625 0.04375 0.08359375
9 0.37265625 0.34453125 0.04609375 0.0796875
9 0.53515625 0.35546875 0.0453125 0.0796875
9 0.4484375 0.36953125 0.0421875 0.0703125
9 0.134375 0.53984375 0.178125 0.78515625
9 0.26328125 0.55546875 0.14140625 0.70234375
9 0.81796875 0.57109375 0.11015625 0.72265625
9 0.903125 0.5984375 0.128125 0.74453125
9 0.3203125 0.60625 0.15234375 0.6578125
9 0.74921875 0.609375 0.14765625 0.73984375
9 0.64140625 0.61640625 0.125 0.67265625
9 0.42421875 0.6171875 0.13984375 0.62265625
9 0.5375 0.62421875 0.12109375 0.6484375