9 0.61953125 0.36640625 0.03359375 0.05234375
9 0.09921875 0.3765625 0.0390625 0.06953125
9 0.46484375 0.38046875 0.03359375 0.05546875
9 0.79296875 0.38515625 0.0390625 0.065625
9 0.478125 0.3859375 0.078125 0.13359375
9 0.21953125 0.390625 0.03515625 0.05546875
9 0.5484375 0.4015625 0.03125 0.05390625
9 0.61875 0.4046875 0.07265625 0.19453125
9 0.678125 0.4140625 0.03515625 0.05703125
9 0.22265625 0.4171875 0.06796875 0.1578125
9 0.34765625 0.4234375 0.03359375 0.05234375
9 0.26875 0.42890625 0.03515625 0.05234375
9 0.6609375 0.44609375 0.0875 0.190625
9 0.540625 0.44765625 0.07265625 0.190625
9 0.7015625 0.44765625 0.03671875 0.059375
9 0.43203125 0.45 0.03359375 0.05546875
9 0.3453125 0.45078125 0.08046875 0.175
9 0.18203125 0.45390625 0.03671875 0.0609375
9 0.4828125 0.45546875 0.03671875 0.0609375
9 0.56484375 0.46328125 0.03359375 0.05546875
9 0.42734375 0.4921875 0.0703125 0.19296875
9 0.36640625 0.5046875 0.0328125 0.05390625
9 0.2671875 0.52578125 0.109375 0.33671875
9 0.3609375 0.5953125 0.11953125 0.29140625
9 0.07578125 0.61796875 0.13515625 0.6078125
9 0.48046875 0.625 0.13046875 0.4375
9 0.51328125 0.62734375 0.04140625 0.06796875
9 0.83671875 0.64375 0.1625 0.64921875
9 0.16953125 0.6609375 0.10390625 0.52265625
9 0.27421875 0.6671875 0.040625 0.0640625
9 0.7203125 0.67734375 0.1625 0.5765625
9 0.6 0.678125 0.11875 0.55390625
9 0.38671875 0.67890625 0.04140625 0.065625
9 0.52421875 0.771875 0.15234375 0.4390625
9 0.2640625 0.78125 0.15390625 0.36796875
9 0.37265625 0.78984375 0.15078125 0.371875