9 0.9015625 0.57734375 0.12734375 0.509375
9 0.1796875 0.5765625 0.10859375 0.4546875
9 0.07578125 0.5703125 0.13828125 0.50234375
9 0.72265625 0.67421875 0.1 0.44296875
9 0.80703125 0.56015625 0.11953125 0.46796875
9 0.284375 0.6640625 0.11484375 0.43203125
9 0.6265625 0.6765625 0.1 0.44375
9 0.384375 0.6609375 0.09921875 0.4234375
9 0.5421875 0.68125 0.0828125 0.403125
9 0.584375 0.4453125 0.06171875 0.2140625
9 0.51015625 0.43515625 0.09609375 0.23828125
9 0.46953125 0.66953125 0.09140625 0.409375
9 0.63984375 0.43671875 0.06640625 0.2015625
9 0.71015625 0.43828125 0.08203125 0.2078125
9 0.25625 0.5546875 0.090625 0.44609375
9 0.4390625 0.44140625 0.0671875 0.22109375
9 0.328125 0.43125 0.06640625 0.21796875
9 0.38359375 0.4265625 0.0671875 0.1953125
9 0.98203125 0.45234375 0.02109375 0.0265625
9 0.29453125 0.49296875 0.03515625 0.05703125
9 0.5453125 0.51953125 0.0328125 0.05390625
9 0.1828125 0.38984375 0.03359375 0.04921875
9 0.0859375 0.36328125 0.03828125 0.05390625
9 0.6265625 0.49375 0.0328125 0.05625
9 0.803125 0.3703125 0.03359375 0.053125
9 0.72734375 0.4953125 0.034375 0.06015625
9 0.3875 0.4875 0.03359375 0.0546875
9 0.47265625 0.50546875 0.03203125 0.04921875
9 0.6328125 0.37265625 0.025 0.04296875
9 0.89453125 0.3640625 0.0328125 0.04921875
9 0.58046875 0.371875 0.02421875 0.040625
9 0.3359375 0.36015625 0.02890625 0.0453125
9 0.26015625 0.3734375 0.02890625 0.04453125
9 0.396875 0.36328125 0.0265625 0.04296875
9 0.7109375 0.3734375 0.028125 0.04609375
9 0.5109375 0.3546875 0.02734375 0.0453125
9 0.446875 0.365625 0.02578125 0.0421875