9 0.2125 0.3625 0.04375 0.05546875
9 0.21015625 0.37578125 0.03046875 0.05234375
9 0.09375 0.37890625 0.04296875 0.08203125
9 0.38984375 0.40546875 0.03125 0.0546875
9 0.80703125 0.41875 0.03515625 0.06171875
9 0.16640625 0.43359375 0.04375 0.075
9 0.39296875 0.43515625 0.06953125 0.16640625
9 0.6453125 0.43828125 0.0296875 0.04765625
9 0.45390625 0.440625 0.034375 0.0671875
9 0.22265625 0.44296875 0.0390625 0.0765625
9 0.70234375 0.44765625 0.0296875 0.05078125
9 0.83203125 0.45390625 0.10859375 0.18046875
9 0.590625 0.45703125 0.03125 0.0578125
9 0.50390625 0.4578125 0.03125 0.05703125
9 0.290625 0.4609375 0.03125 0.06171875
9 0.34375 0.46171875 0.03515625 0.0671875
9 0.55 0.46171875 0.05 0.090625
9 0.54375 0.465625 0.0296875 0.0546875
9 0.28515625 0.46875 0.0546875 0.11328125
9 0.7 0.4703125 0.04765625 0.146875
9 0.653125 0.48125 0.071875 0.18046875
9 0.7765625 0.48359375 0.03828125 0.0859375
9 0.8390625 0.4859375 0.0328125 0.053125
9 0.7390625 0.4875 0.034375 0.06015625
9 0.584375 0.4921875 0.0625 0.1734375
9 0.77578125 0.49375 0.02890625 0.0546875
9 0.22578125 0.50078125 0.08203125 0.25
9 0.14765625 0.50859375 0.12578125 0.2765625
9 0.62734375 0.5109375 0.03515625 0.059375
9 0.45625 0.5375 0.1203125 0.3046875
9 0.078125 0.55 0.12890625 0.45390625
9 0.2953125 0.559375 0.046875 0.08828125
9 0.84609375 0.56640625 0.11640625 0.2765625
9 0.3578125 0.58046875 0.115625 0.3578125
9 0.52109375 0.5828125 0.0921875 0.37421875
9 0.18046875 0.59453125 0.05859375 0.11015625
9 0.58359375 0.5953125 0.0609375 0.38046875
9 0.74140625 0.61796875 0.11484375 0.36328125
9 0.46484375 0.62421875 0.0375 0.0703125
9 0.67421875 0.6296875 0.0375 0.07421875
9 0.828125 0.6421875 0.03515625 0.06953125
9 0.61484375 0.6953125 0.10859375 0.4921875
9 0.3078125 0.7484375 0.1953125 0.4875
9 0.125 0.753125 0.2125 0.48046875
9 0.67421875 0.78046875 0.1578125 0.4234375
9 0.48984375 0.78046875 0.20078125 0.4296875
9 0.828125 0.79140625 0.1484375 0.40859375