9 0.43671875 0.7421875 0.19765625 0.48828125
9 0.85 0.734375 0.21953125 0.509375
9 0.175 0.725 0.25546875 0.52265625
9 0.4015625 0.54921875 0.17265625 0.84296875
9 0.2328125 0.553125 0.20703125 0.85234375
9 0.64453125 0.753125 0.2078125 0.475
9 0.73828125 0.5453125 0.13828125 0.690625
9 0.54921875 0.578125 0.17890625 0.784375
9 0.153125 0.6625 0.08046875 0.265625
9 0.409375 0.234375 0.05234375 0.17734375
9 0.64609375 0.6671875 0.06953125 0.23828125
9 0.828125 0.65 0.0671875 0.23671875
9 0.43359375 0.68046875 0.0703125 0.2203125
9 0.24453125 0.26015625 0.0625 0.215625
9 0.73359375 0.3375 0.05625 0.184375
9 0.54765625 0.33671875 0.0546875 0.1953125