9 0.9265625 0.6421875 0.13359375 0.63203125
9 0.5796875 0.7875 0.1015625 0.41875
9 0.396875 0.78125 0.09453125 0.428125
9 0.484375 0.7765625 0.10234375 0.4421875
9 0.209375 0.771875 0.10859375 0.4515625
9 0.7859375 0.41328125 0.09609375 0.38046875
9 0.09921875 0.76171875 0.12734375 0.41015625
9 0.3390625 0.54765625 0.08125 0.2296875
9 0.3078125 0.78046875 0.09765625 0.42890625
9 0.18046875 0.25859375 0.103125 0.3671875
9 0.70859375 0.246875 0.0734375 0.29140625
9 0.41953125 0.240625 0.0828125 0.346875
9 0.59375 0.5546875 0.096875 0.2359375
9 0.80859375 0.796875 0.1125 0.3953125
9 0.50625 0.55703125 0.08203125 0.2234375
9 0.1453125 0.5609375 0.09140625 0.19609375
9 0.6609375 0.76875 0.0890625 0.38671875
9 0.41875 0.56015625 0.06953125 0.2203125
9 0.6359375 0.24921875 0.0734375 0.26875
9 0.2078125 0.45234375 0.0890625 0.21171875
9 0.3015625 0.2421875 0.08203125 0.32265625
9 0.7265625 0.7625 0.0890625 0.35859375
9 0.7546875 0.559375 0.0765625 0.19375
9 0.54296875 0.2515625 0.07109375 0.2375
9 0.6796875 0.55234375 0.07421875 0.17265625
9 0.41328125 0.45859375 0.0734375 0.21953125
9 0.7015625 0.43203125 0.08515625 0.215625
9 0.28125 0.4859375 0.0703125 0.19609375
9 0.6390625 0.42578125 0.06875 0.25703125
9 0.35390625 0.4171875 0.0921875 0.2171875
9 0.253125 0.7125 0.07109375 0.47734375
9 0.36328125 0.22421875 0.0515625 0.24375
9 0.4875 0.26953125 0.065625 0.26640625
9 0.23984375 0.23984375 0.05390625 0.296875
9 0.53828125 0.415625 0.06015625 0.228125
9 0.2765625 0.371875 0.08046875 0.1453125
9 0.48984375 0.4375 0.059375 0.2046875
9 0.596875 0.45390625 0.08828125 0.20078125
9 0.57265625 0.2296875 0.05703125 0.2640625
9 0.5078125 0.4875 0.02734375 0.053125
9 0.7296875 0.63515625 0.0328125 0.0625
9 0.11953125 0.60546875 0.0328125 0.05625
9 0.79609375 0.64765625 0.03125 0.0640625
9 0.359375 0.34921875 0.02421875 0.0421875
9 0.5796875 0.63515625 0.03203125 0.0609375
9 0.396875 0.61484375 0.03203125 0.0578125
9 0.28046875 0.33671875 0.02421875 0.04140625
9 0.66328125 0.6234375 0.03125 0.0640625
9 0.75 0.5078125 0.02734375 0.0484375
9 0.3375 0.47734375 0.02734375 0.05234375
9 0.20625 0.6 0.03359375 0.05703125
9 0.54296875 0.3421875 0.025 0.0453125
9 0.78671875 0.26484375 0.02578125 0.0484375
9 0.8984375 0.37890625 0.0375 0.065625
9 0.1515625 0.50625 0.0296875 0.0515625
9 0.240625 0.125 0.0234375 0.04375
9 0.69140625 0.36171875 0.025 0.04296875
9 0.678125 0.5078125 0.028125 0.0484375
9 0.428125 0.11171875 0.0234375 0.04296875
9 0.415625 0.38828125 0.0265625 0.04609375
9 0.21171875 0.3859375 0.025 0.0421875
9 0.490625 0.1703125 0.02265625 0.0390625
9 0.490625 0.60625 0.03125 0.06484375
9 0.5921875 0.3921875 0.0234375 0.0421875
9 0.54140625 0.16953125 0.02265625 0.0390625
9 0.625 0.33828125 0.02578125 0.04140625
9 0.6390625 0.146875 0.02109375 0.040625
9 0.27578125 0.43046875 0.02578125 0.04609375
9 0.30546875 0.11796875 0.021875 0.0390625
9 0.309375 0.61875 0.03046875 0.053125
9 0.70625 0.1375 0.0203125 0.04140625
9 0.18125 0.1109375 0.021875 0.046875
9 0.2453125 0.52734375 0.0265625 0.05234375
9 0.58203125 0.4796875 0.0265625 0.046875
9 0.43125 0.49375 0.0234375 0.0484375
9 0.371875 0.13515625 0.0234375 0.03828125
9 0.49375 0.37421875 0.021875 0.040625
9 0.56171875 0.12578125 0.02109375 0.034375