9 0.2125 0.44296875 0.3390625 0.7171875
9 0.928125 0.3265625 0.0921875 0.290625
9 0.47578125 0.42109375 0.1890625 0.5171875
9 0.796875 0.3640625 0.11484375 0.34140625
9 0.87734375 0.35390625 0.09296875 0.29453125
9 0.721875 0.38515625 0.11875 0.346875
9 0.61953125 0.403125 0.1609375 0.44921875
9 0.60546875 0.29296875 0.046875 0.075
9 0.71328125 0.29921875 0.0390625 0.06796875
9 0.79375 0.27578125 0.03671875 0.06171875
9 0.4671875 0.2984375 0.05078125 0.09296875
9 0.20078125 0.16640625 0.0796875 0.13046875
9 0.915625 0.25234375 0.0328125 0.053125
9 0.86875 0.2796875 0.03203125 0.05078125