9 0.23359375 0.625 0.1046875 0.5046875
9 0.3296875 0.6125 0.10078125 0.50625
9 0.825 0.62109375 0.11875 0.51328125
9 0.90625 0.640625 0.09296875 0.4953125
9 0.13984375 0.6171875 0.10546875 0.515625
9 0.721875 0.6203125 0.1125 0.52265625
9 0.62265625 0.35390625 0.06875 0.26640625
9 0.1015625 0.49765625 0.0859375 0.57578125
9 0.6828125 0.375 0.078125 0.303125
9 0.17890625 0.3578125 0.0734375 0.3078125
9 0.63203125 0.628125 0.10078125 0.49140625
9 0.2453125 0.35390625 0.07578125 0.28046875
9 0.4390625 0.61171875 0.096875 0.496875
9 0.3921875 0.51328125 0.078125 0.534375
9 0.52890625 0.6125 0.09375 0.45703125
9 0.3171875 0.365625 0.07265625 0.240625
9 0.48359375 0.43984375 0.0796875 0.40234375
9 0.5171875 0.275 0.05 0.146875
9 0.76484375 0.3734375 0.06953125 0.240625
9 0.5609375 0.5046875 0.0796875 0.5140625
9 0.44140625 0.4203125 0.02578125 0.065625
9 0.5546875 0.2921875 0.0234375 0.05546875
9 0.32265625 0.29765625 0.02265625 0.06015625
9 0.10703125 0.26875 0.02734375 0.0640625
9 0.8984375 0.45 0.025 0.0640625
9 0.39609375 0.29453125 0.02265625 0.05546875
9 0.23671875 0.42421875 0.028125 0.07109375
9 0.76328125 0.3140625 0.02578125 0.07109375
9 0.53203125 0.4421875 0.0234375 0.05703125
9 0.246875 0.265625 0.02421875 0.05703125
9 0.15 0.4265625 0.0296875 0.06640625
9 0.6921875 0.28046875 0.02265625 0.06015625
9 0.48671875 0.28828125 0.021875 0.05703125
9 0.33359375 0.4171875 0.02578125 0.0640625
9 0.18046875 0.26171875 0.0234375 0.05859375
9 0.515625 0.24921875 0.021875 0.06015625
9 0.72578125 0.4140625 0.02734375 0.06953125
9 0.81640625 0.41484375 0.028125 0.07890625
9 0.628125 0.265625 0.02421875 0.0546875
9 0.63203125 0.434375 0.025 0.06796875