9 0.5859375 0.6859375 0.165625 0.6140625
9 0.33359375 0.6953125 0.18046875 0.59375
9 0.83125 0.6984375 0.16796875 0.5875
9 0.0890625 0.7140625 0.159375 0.5609375
9 0.2046875 0.64296875 0.16796875 0.69609375
9 0.9515625 0.70859375 0.0953125 0.56484375
9 0.48046875 0.6578125 0.14140625 0.6734375
9 0.7390625 0.684375 0.13671875 0.6140625
9 0.1453125 0.38203125 0.09375 0.1140625
9 0.63515625 0.3703125 0.05234375 0.1078125
9 0.7125 0.33828125 0.0890625 0.1109375
9 0.31640625 0.36171875 0.1421875 0.19609375
9 0.040625 0.6890625 0.08046875 0.6078125
9 0.66796875 0.66484375 0.109375 0.65
9 0.55703125 0.3875 0.078125 0.13515625
9 0.48671875 0.35546875 0.11796875 0.17890625
9 0.3921875 0.66640625 0.0859375 0.6296875
9 0.68203125 0.4015625 0.0453125 0.075
9 0.6125 0.434375 0.04921875 0.07890625
9 0.48984375 0.38125 0.0484375 0.0796875
9 0.70859375 0.32734375 0.0375 0.06015625
9 0.33203125 0.459375 0.05078125 0.08359375
9 0.04140625 0.43515625 0.05078125 0.0671875
9 0.2265625 0.37578125 0.05859375 0.0890625
9 0.63203125 0.36484375 0.04375 0.0625
9 0.12578125 0.503125 0.05390625 0.08359375
9 0.56796875 0.3796875 0.04609375 0.0734375
9 0.3546875 0.325 0.04609375 0.0796875
9 0.4046875 0.409375 0.0453125 0.06875
9 0.74609375 0.45625 0.05546875 0.0875
9 0.85390625 0.4796875 0.0578125 0.08359375
9 0.14375 0.378125 0.05390625 0.06640625
9 0.490625 0.31640625 0.040625 0.0546875
9 0.94375 0.49921875 0.065625 0.09375