9 0.790625 0.2421875 0.046875 0.09296875
9 0.72109375 0.25546875 0.0421875 0.08125
9 0.115625 0.271875 0.140625 0.23515625
9 0.43984375 0.28125 0.0421875 0.0859375
9 0.20859375 0.284375 0.0421875 0.07890625
9 0.6640625 0.29375 0.040625 0.08359375
9 0.5515625 0.296875 0.04375 0.090625
9 0.31015625 0.3125 0.0390625 0.07890625
9 0.10390625 0.315625 0.0484375 0.090625
9 0.896875 0.32265625 0.04375 0.08125
9 0.36015625 0.54453125 0.0984375 0.78125
9 0.72734375 0.54765625 0.0796875 0.72734375
9 0.80390625 0.5734375 0.1421875 0.7875
9 0.203125 0.5875 0.1375 0.77421875
9 0.44375 0.58828125 0.109375 0.753125
9 0.659375 0.58984375 0.11875 0.72734375
9 0.553125 0.59296875 0.11875 0.7296875
9 0.3171875 0.6015625 0.109375 0.71328125
9 0.0953125 0.61328125 0.11875 0.74609375
9 0.90546875 0.61796875 0.1078125 0.73203125
9 0.34765625 0.2140625 0.0453125 0.08828125
9 0.13203125 0.21796875 0.0453125 0.08125