9 0.79140625 0.5765625 0.20390625 0.82265625
9 0.553125 0.58671875 0.21171875 0.80546875
9 0.171875 0.5984375 0.14375 0.7125
9 0.284375 0.61640625 0.15 0.7171875
9 0.41328125 0.60859375 0.1203125 0.74140625
9 0.68359375 0.57265625 0.1546875 0.72734375
9 0.35859375 0.52890625 0.096875 0.67734375
9 0.359375 0.30859375 0.0984375 0.24140625
9 0.434375 0.29921875 0.04140625 0.0828125
9 0.68046875 0.28515625 0.04921875 0.08671875
9 0.2859375 0.3328125 0.04765625 0.07421875
9 0.18125 0.30234375 0.04765625 0.0765625
9 0.55546875 0.26640625 0.05859375 0.0953125
9 0.35625 0.24453125 0.04609375 0.07265625
9 0.80625 0.278125 0.06015625 0.1015625