9 0.184375 0.7640625 0.1140625 0.46171875
9 0.44609375 0.76328125 0.1 0.4578125
9 0.2828125 0.7609375 0.09296875 0.465625
9 0.3671875 0.76953125 0.10234375 0.44609375
9 0.7015625 0.76171875 0.07109375 0.396875
9 0.775 0.75390625 0.09140625 0.41015625
9 0.52578125 0.7703125 0.08515625 0.41171875
9 0.6421875 0.76171875 0.06171875 0.4125
9 0.09296875 0.784375 0.09296875 0.4203125
9 0.90859375 0.7484375 0.0953125 0.4421875
9 0.8453125 0.746875 0.0875 0.42421875
9 0.58515625 0.7625 0.06875 0.421875
9 0.18828125 0.565625 0.03359375 0.05390625
9 0.2921875 0.56640625 0.03046875 0.05
9 0.38203125 0.5828125 0.028125 0.04921875
9 0.578125 0.59140625 0.025 0.03984375
9 0.83359375 0.575 0.02890625 0.040625
9 0.11484375 0.61171875 0.0328125 0.04609375
9 0.63828125 0.59140625 0.0265625 0.0453125
9 0.775 0.584375 0.028125 0.04921875
9 0.8828125 0.5625 0.0296875 0.04765625
9 0.69375 0.596875 0.02578125 0.04609375
9 0.45546875 0.56953125 0.02578125 0.04921875
9 0.5265625 0.60390625 0.0265625 0.040625