9 0.64296875 0.596875 0.36015625 0.571875
9 0.334375 0.6484375 0.32734375 0.684375
9 0.521875 0.32734375 0.06796875 0.1265625
9 0.59296875 0.33046875 0.0859375 0.1546875
9 0.35 0.32421875 0.078125 0.15234375
9 0.2921875 0.32265625 0.084375 0.1921875
9 0.64453125 0.3359375 0.0609375 0.1734375
9 0.4296875 0.309375 0.103125 0.16015625
9 0.159375 0.47890625 0.14765625 0.39765625
9 0.671875 0.371875 0.06015625 0.14375
9 0.2125 0.3203125 0.0546875 0.11484375
9 0.70625 0.3796875 0.059375 0.16640625
9 0.70234375 0.35859375 0.04375 0.06640625
9 0.42734375 0.2640625 0.028125 0.0453125
9 0.51953125 0.3 0.025 0.03984375
9 0.74765625 0.390625 0.0578125 0.090625
9 0.35234375 0.284375 0.02890625 0.05078125
9 0.21484375 0.3109375 0.04296875 0.06640625
9 0.27578125 0.2703125 0.0296875 0.05078125
9 0.58671875 0.28828125 0.0296875 0.04921875
9 0.6484375 0.29296875 0.0328125 0.04921875
9 0.26171875 0.3890625 0.06171875 0.0984375
9 0.6640625 0.34921875 0.034375 0.05078125
9 0.16953125 0.34765625 0.0546875 0.08125