9 0.4046875 0.32890625 0.034375 0.0515625
9 0.12109375 0.33671875 0.0453125 0.0609375
9 0.51875 0.36328125 0.034375 0.0484375
9 0.89609375 0.36328125 0.0359375 0.0484375
9 0.75390625 0.36484375 0.0359375 0.0484375
9 0.303125 0.371875 0.034375 0.046875
9 0.6375 0.3734375 0.034375 0.04375
9 0.41328125 0.38046875 0.1015625 0.1765625
9 0.221875 0.3859375 0.0375 0.046875
9 0.3875 0.38671875 0.04375 0.0578125
9 0.5140625 0.41015625 0.040625 0.0515625
9 0.640625 0.4109375 0.1125 0.165625
9 0.6453125 0.4296875 0.040625 0.053125
9 0.75625 0.43046875 0.128125 0.2046875
9 0.52265625 0.43671875 0.1234375 0.2234375
9 0.76484375 0.46640625 0.0359375 0.0421875
9 0.85859375 0.47109375 0.0390625 0.0453125
9 0.8984375 0.5171875 0.115625 0.378125
9 0.12109375 0.546875 0.1546875 0.496875
9 0.3046875 0.5484375 0.08125 0.415625
9 0.22421875 0.57421875 0.1421875 0.4640625
9 0.37578125 0.584375 0.1609375 0.475
9 0.5109375 0.584375 0.121875 0.4375
9 0.64609375 0.6015625 0.1234375 0.41875
9 0.76328125 0.61953125 0.1140625 0.3890625
9 0.865625 0.62109375 0.109375 0.3921875