9 0.0828125 0.7125 0.165625 0.453125
9 0.17890625 0.4890625 0.10546875 0.4703125
9 0.82265625 0.41875 0.11796875 0.7203125
9 0.92109375 0.7359375 0.14140625 0.4375
9 0.790625 0.7234375 0.19453125 0.4390625
9 0.3078125 0.4828125 0.1515625 0.4296875
9 0.4828125 0.721875 0.1640625 0.446875
9 0.34296875 0.74140625 0.1265625 0.3765625
9 0.9203125 0.44140625 0.1 0.47265625
9 0.57578125 0.4515625 0.11640625 0.40234375
9 0.2109375 0.746875 0.1703125 0.396875
9 0.721875 0.36015625 0.0953125 0.4515625
9 0.69375 0.5515625 0.11640625 0.521875
9 0.5875 0.71875 0.08984375 0.421875
9 0.428125 0.55546875 0.12578125 0.540625
9 0.48125 0.3125 0.1078125 0.41796875
9 0.38671875 0.25078125 0.09375 0.3890625
9 0.67109375 0.75390625 0.1046875 0.33984375
9 0.2765625 0.42890625 0.08671875 0.525
9 0.61640625 0.2734375 0.05390625 0.26953125
9 0.10546875 0.57421875 0.04296875 0.1015625
9 0.9203125 0.61875 0.040625 0.09375
9 0.5875 0.33515625 0.0390625 0.0921875
9 0.6765625 0.378125 0.0359375 0.084375
9 0.32890625 0.65234375 0.0375 0.08203125
9 0.61328125 0.2265625 0.0328125 0.078125
9 0.3984375 0.36796875 0.040625 0.1
9 0.584375 0.5859375 0.0359375 0.08984375
9 0.5140625 0.5875 0.040625 0.09375
9 0.4546875 0.17890625 0.03515625 0.0875
9 0.3046875 0.3546875 0.04296875 0.103125
9 0.2375 0.6421875 0.04375 0.09375
9 0.678125 0.64921875 0.0390625 0.084375
9 0.28046875 0.2359375 0.034375 0.078125
9 0.7828125 0.5953125 0.0328125 0.08203125
9 0.93046875 0.2671875 0.03203125 0.07421875
9 0.38359375 0.14765625 0.0359375 0.084375
9 0.82265625 0.14765625 0.0359375 0.0765625
9 0.1828125 0.33984375 0.03828125 0.0859375
9 0.72265625 0.2 0.0328125 0.0796875