9 0.7140625 0.5421875 0.18359375 0.834375
9 0.8953125 0.5671875 0.19765625 0.83671875
9 0.5546875 0.52734375 0.159375 0.77734375
9 0.0890625 0.50703125 0.17734375 0.8671875
9 0.32109375 0.56328125 0.1734375 0.79921875
9 0.225 0.49921875 0.12265625 0.81015625
9 0.80234375 0.4734375 0.13828125 0.77890625
9 0.7125 0.19609375 0.05390625 0.0984375
9 0.0875 0.14296875 0.05390625 0.0984375
9 0.8140625 0.146875 0.05078125 0.0984375
9 0.31640625 0.2375 0.05234375 0.09375
9 0.565625 0.20859375 0.04765625 0.0859375
9 0.2484375 0.16015625 0.05078125 0.08828125
9 0.90078125 0.23203125 0.0609375 0.1