9 0.3390625 0.58359375 0.13359375 0.3703125
9 0.08984375 0.6578125 0.1421875 0.34140625
9 0.946875 0.5359375 0.08359375 0.43203125
9 0.70234375 0.5953125 0.08984375 0.33671875
9 0.62265625 0.59296875 0.0953125 0.35703125
9 0.24296875 0.6171875 0.1015625 0.33828125
9 0.05234375 0.4359375 0.1046875 0.3515625
9 0.1828125 0.640625 0.13125 0.31171875
9 0.54140625 0.5796875 0.1046875 0.33984375
9 0.88125 0.640625 0.13515625 0.3984375
9 0.7890625 0.60546875 0.10234375 0.3515625
9 0.47109375 0.58203125 0.0953125 0.33359375
9 0.13203125 0.421875 0.0890625 0.26015625
9 0.57578125 0.396875 0.06640625 0.18984375
9 0.42734375 0.3921875 0.06484375 0.18203125
9 0.396875 0.56640625 0.07890625 0.30703125
9 0.75703125 0.396875 0.0734375 0.2296875
9 0.690625 0.390625 0.09140625 0.21484375
9 0.19921875 0.403125 0.06875 0.23359375
9 0.8171875 0.4015625 0.0828125 0.21015625
9 0.6296875 0.39765625 0.05859375 0.16484375
9 0.47578125 0.365625 0.0640625 0.178125
9 0.521875 0.38203125 0.0609375 0.2
9 0.371875 0.37734375 0.0609375 0.178125
9 0.878125 0.39765625 0.0765625 0.1546875
9 0.31484375 0.375 0.0671875 0.19296875
9 0.2578125 0.38984375 0.0703125 0.18984375
9 0.0546875 0.3015625 0.0328125 0.05703125
9 0.87421875 0.490625 0.0359375 0.05859375
9 0.63203125 0.34921875 0.0265625 0.0453125
9 0.78203125 0.478125 0.03359375 0.053125
9 0.090625 0.5390625 0.0359375 0.05859375
9 0.93671875 0.3609375 0.03125 0.0546875
9 0.51953125 0.32109375 0.0234375 0.04140625
9 0.13828125 0.3328125 0.02890625 0.0484375
9 0.5734375 0.33828125 0.025 0.04296875
9 0.47890625 0.3171875 0.025 0.04140625
9 0.8828125 0.3625 0.03125 0.0484375
9 0.3125 0.32109375 0.025 0.04140625
9 0.703125 0.471875 0.03125 0.053125
9 0.378125 0.325 0.0234375 0.04296875
9 0.62890625 0.45390625 0.02734375 0.0515625
9 0.75625 0.31796875 0.02734375 0.05
9 0.26015625 0.3328125 0.025 0.04140625
9 0.17421875 0.54296875 0.03359375 0.05
9 0.81640625 0.3359375 0.02734375 0.0515625
9 0.69375 0.321875 0.02734375 0.046875
9 0.203125 0.3265625 0.0265625 0.046875
9 0.484375 0.45703125 0.02890625 0.05
9 0.40625 0.459375 0.02734375 0.0484375
9 0.33984375 0.4359375 0.02734375 0.0515625
9 0.43046875 0.3375 0.0234375 0.04140625
9 0.54296875 0.45 0.02890625 0.05
9 0.26015625 0.49453125 0.0296875 0.0546875