9 0.09921875 0.5625 0.16015625 0.80546875
9 0.70859375 0.65078125 0.25390625 0.678125
9 0.50546875 0.6453125 0.275 0.6640625
9 0.8484375 0.5453125 0.259375 0.8828125
9 0.28046875 0.30390625 0.209375 0.4765625
9 0.684375 0.31171875 0.2 0.3796875
9 0.325 0.66640625 0.19765625 0.60859375
9 0.49765625 0.30625 0.184375 0.42734375
9 0.54921875 0.40234375 0.05078125 0.08515625
9 0.45625 0.1765625 0.05 0.08671875
9 0.2875 0.44921875 0.04609375 0.08984375
9 0.33671875 0.15 0.05390625 0.09140625
9 0.7125 0.38984375 0.05390625 0.10703125
9 0.66640625 0.20390625 0.040625 0.0828125
9 0.12265625 0.246875 0.046875 0.10859375
9 0.84609375 0.2265625 0.053125 0.1171875