9 0.896875 0.55 0.19140625 0.878125
9 0.75625 0.66328125 0.12578125 0.65625
9 0.0921875 0.559375 0.15546875 0.8609375
9 0.578125 0.67890625 0.115625 0.628125
9 0.2265625 0.66953125 0.1390625 0.65078125
9 0.46796875 0.67265625 0.1484375 0.640625
9 0.34296875 0.66328125 0.13671875 0.659375
9 0.1984375 0.3609375 0.11328125 0.2359375
9 0.65234375 0.66171875 0.103125 0.6421875
9 0.67265625 0.35625 0.06875 0.24296875
9 0.56796875 0.3671875 0.1046875 0.2625
9 0.475 0.35078125 0.29375 0.28828125
9 0.28203125 0.35703125 0.0796875 0.23125
9 0.40703125 0.3875 0.08203125 0.22578125
9 0.28046875 0.6078125 0.0875 0.72890625
9 0.40546875 0.5 0.0796875 0.4515625
9 0.7609375 0.434375 0.13359375 0.41640625
9 0.475 0.37734375 0.1421875 0.21015625
9 0.6609375 0.29609375 0.0359375 0.08125
9 0.2921875 0.3015625 0.0390625 0.08515625
9 0.56953125 0.3328125 0.0375 0.078125
9 0.1984375 0.29765625 0.0390625 0.08515625
9 0.75703125 0.41953125 0.05078125 0.10625
9 0.7546875 0.2734375 0.0359375 0.078125
9 0.86015625 0.18671875 0.04375 0.0953125
9 0.11015625 0.20078125 0.0453125 0.0921875
9 0.5765625 0.4265625 0.0421875 0.0953125
9 0.340625 0.40625 0.046875 0.1078125
9 0.2140625 0.40703125 0.04609375 0.0953125
9 0.39140625 0.334375 0.0375 0.08125
9 0.47578125 0.32578125 0.0375 0.08515625
9 0.640625 0.4078125 0.04296875 0.09375
9 0.4828125 0.43203125 0.04296875 0.1078125