9 0.6328125 0.7 0.2453125 0.58515625
9 0.13046875 0.56953125 0.1734375 0.80078125
9 0.8515625 0.58828125 0.13125 0.80078125
9 0.23203125 0.71015625 0.2234375 0.55703125
9 0.76328125 0.60234375 0.14140625 0.728125
9 0.621875 0.3734375 0.15625 0.34921875
9 0.4890625 0.5484375 0.13515625 0.625
9 0.3984375 0.46875 0.1046875 0.45390625
9 0.5453125 0.28828125 0.0765625 0.16328125
9 0.6890625 0.3046875 0.08984375 0.28359375
9 0.2921875 0.4796875 0.14375 0.4484375
9 0.30078125 0.29375 0.14609375 0.22734375
9 0.60859375 0.26328125 0.0453125 0.084375
9 0.76015625 0.30078125 0.0453125 0.08828125
9 0.6984375 0.21796875 0.04375 0.0859375
9 0.49140625 0.2953125 0.0421875 0.08828125
9 0.27890625 0.32265625 0.03984375 0.07890625
9 0.5484375 0.2609375 0.0421875 0.07890625
9 0.40546875 0.29609375 0.0390625 0.0828125
9 0.3140625 0.234375 0.03984375 0.07890625
9 0.23359375 0.51015625 0.04765625 0.0859375
9 0.834375 0.2578125 0.04609375 0.0953125
9 0.64453125 0.484375 0.0515625 0.10859375
9 0.14140625 0.23515625 0.05 0.08046875