9 0.178125 0.49453125 0.35546875 0.9859375
9 0.7734375 0.52734375 0.446875 0.9265625
9 0.64765625 0.18203125 0.32890625 0.3640625
9 0.890625 0.43359375 0.209375 0.8671875
9 0.43046875 0.5 0.28359375 0.90703125
9 0.24296875 0.44140625 0.24296875 0.75703125
9 0.88046875 0.24765625 0.16328125 0.38046875
9 0.4453125 0.26171875 0.1265625 0.3015625
9 0.64609375 0.3421875 0.128125 0.29453125
9 0.3015625 0.26484375 0.1125 0.26640625
9 0.19140625 0.1515625 0.1546875 0.303125
9 0.5671875 0.1296875 0.14765625 0.25859375