9 0.5203125 0.73515625 0.10703125 0.50859375
9 0.1828125 0.68125 0.2171875 0.61640625
9 0.315625 0.72109375 0.1171875 0.5375
9 0.428125 0.69375 0.121875 0.59140625
9 0.6640625 0.62265625 0.2078125 0.725
9 0.74375 0.628125 0.2265625 0.71015625
9 0.765625 0.48359375 0.18515625 0.40390625
9 0.225 0.459375 0.04453125 0.10234375
9 0.5265625 0.54609375 0.034375 0.07890625
9 0.7828125 0.378125 0.05625 0.11015625
9 0.44765625 0.47421875 0.034375 0.08125
9 0.33984375 0.51875 0.03203125 0.08359375
9 0.6671875 0.34375 0.05078125 0.1125