9 0.8890625 0.57109375 0.1359375 0.32421875
9 0.065625 0.4875 0.10234375 0.42578125
9 0.809375 0.48515625 0.09375 0.39453125
9 0.70625 0.5546875 0.11484375 0.3421875
9 0.62109375 0.465625 0.08828125 0.39453125
9 0.4234375 0.5515625 0.11875 0.32421875
9 0.2734375 0.571875 0.12734375 0.3375
9 0.15546875 0.590625 0.1171875 0.31796875
9 0.546875 0.54375 0.11015625 0.31953125
9 0.31875 0.4640625 0.09296875 0.38515625
9 0.7109375 0.371875 0.0921875 0.19453125
9 0.46953125 0.4515625 0.07734375 0.39609375
9 0.39140625 0.43359375 0.08125 0.3390625
9 0.240625 0.37421875 0.0703125 0.20234375
9 0.53828125 0.37265625 0.084375 0.1875
9 0.178125 0.4203125 0.10703125 0.3015625
9 0.15703125 0.4703125 0.02578125 0.04921875
9 0.71484375 0.309375 0.02265625 0.04375
9 0.90703125 0.45 0.02578125 0.04765625
9 0.28359375 0.45 0.025 0.0453125
9 0.42265625 0.43046875 0.025 0.0453125
9 0.0734375 0.309375 0.025 0.04609375
9 0.24296875 0.303125 0.021875 0.0453125
9 0.62265625 0.309375 0.02109375 0.0375
9 0.3140625 0.3078125 0.021875 0.0375
9 0.55390625 0.4296875 0.02421875 0.04375
9 0.18125 0.30234375 0.02265625 0.04609375
9 0.540625 0.3140625 0.02109375 0.0375
9 0.696875 0.4265625 0.02421875 0.04375
9 0.471875 0.2875 0.0203125 0.0359375
9 0.39375 0.2984375 0.01875 0.0359375
9 0.8140625 0.32265625 0.021875 0.0390625