9 0.59921875 0.64453125 0.15234375 0.6921875
9 0.11328125 0.5984375 0.22578125 0.78203125
9 0.90546875 0.63125 0.1859375 0.71640625
9 0.73515625 0.66484375 0.16171875 0.65390625
9 0.4546875 0.5859375 0.17890625 0.81015625
9 0.31953125 0.65 0.115625 0.684375
9 0.2 0.625 0.15 0.696875
9 0.221875 0.4171875 0.1078125 0.28125
9 0.596875 0.36015625 0.05 0.096875
9 0.34765625 0.3859375 0.053125 0.10546875
9 0.728125 0.403125 0.05078125 0.09921875
9 0.23359375 0.346875 0.05703125 0.1171875
9 0.475 0.24765625 0.053125 0.11328125
9 0.875 0.35390625 0.0578125 0.1203125
9 0.153125 0.29375 0.06328125 0.13515625