9 0.1625 0.58203125 0.13359375 0.790625
9 0.82578125 0.55390625 0.14140625 0.83515625
9 0.2640625 0.5328125 0.13125 0.86796875
9 0.38125 0.5390625 0.13203125 0.84765625
9 0.50703125 0.53359375 0.14296875 0.85234375
9 0.72890625 0.578125 0.128125 0.78671875
9 0.62109375 0.5640625 0.11796875 0.79375
9 0.6265625 0.246875 0.04375 0.08515625
9 0.73515625 0.2640625 0.046875 0.0859375
9 0.27265625 0.17421875 0.0453125 0.09140625
9 0.38828125 0.1859375 0.04375 0.0875
9 0.175 0.2625 0.04921875 0.09765625
9 0.50703125 0.17734375 0.04609375 0.08984375
9 0.84453125 0.215625 0.04921875 0.09765625