9 0.7375 0.60625 0.15 0.71640625
9 0.24765625 0.603125 0.15859375 0.74140625
9 0.609375 0.63125 0.1125 0.65546875
9 0.49921875 0.6125 0.13671875 0.70859375
9 0.378125 0.6046875 0.13515625 0.72734375
9 0.67578125 0.52265625 0.0890625 0.68203125
9 0.43515625 0.27421875 0.08125 0.2140625
9 0.309375 0.278125 0.08828125 0.20859375
9 0.571875 0.2796875 0.12265625 0.2765625
9 0.5703125 0.190625 0.03671875 0.07421875
9 0.496875 0.31484375 0.0390625 0.0765625
9 0.684375 0.234375 0.03515625 0.071875
9 0.3796875 0.29921875 0.0390625 0.07890625
9 0.6140625 0.35546875 0.03515625 0.0734375
9 0.25078125 0.29296875 0.04375 0.08515625
9 0.73671875 0.303125 0.040625 0.07890625
9 0.4359375 0.21875 0.0375 0.0765625
9 0.31328125 0.2234375 0.0390625 0.08046875