9 0.86796875 0.50625 0.15234375 0.6453125
9 0.72421875 0.4484375 0.15625 0.68125
9 0.2015625 0.578125 0.18515625 0.49609375
9 0.33515625 0.575 0.13125 0.40078125
9 0.59140625 0.4640625 0.1453125 0.69609375
9 0.421875 0.55859375 0.140625 0.4515625
9 0.49296875 0.5375 0.1078125 0.44375
9 0.24609375 0.3140625 0.0921875 0.14453125
9 0.10703125 0.51171875 0.14765625 0.5328125
9 0.353125 0.35390625 0.07421875 0.2265625
9 0.3625 0.2828125 0.02890625 0.05078125
9 0.1125 0.29609375 0.03671875 0.05859375
9 0.2546875 0.2859375 0.0296875 0.06015625
9 0.478125 0.36640625 0.0296875 0.05859375
9 0.86953125 0.24609375 0.0390625 0.06953125
9 0.20390625 0.3921875 0.0359375 0.06640625
9 0.71171875 0.1703125 0.03984375 0.07578125
9 0.3140625 0.4328125 0.03203125 0.05859375
9 0.584375 0.17578125 0.0359375 0.07421875
9 0.39921875 0.38359375 0.02890625 0.05859375