2 0.6069711538461539 0.3942307692307692 0.7752403846153846 0.7512019230769231
9 0.1466346153846154 0.8473557692307693 0.0985576923076923 0.29447115384615385
9 0.2536057692307692 0.828125 0.07692307692307693 0.32211538461538464
9 0.32572115384615385 0.8485576923076923 0.0733173076923077 0.296875
9 0.40384615384615385 0.8413461538461539 0.09735576923076923 0.27283653846153844
9 0.4951923076923077 0.8329326923076923 0.09134615384615384 0.27524038461538464
9 0.5865384615384616 0.8413461538461539 0.07692307692307693 0.26802884615384615
9 0.6598557692307693 0.8401442307692307 0.10096153846153846 0.28125
9 0.12860576923076922 0.65625 0.05889423076923077 0.24278846153846154
9 0.08774038461538461 0.59375 0.03365384615384615 0.14903846153846154
9 0.19591346153846154 0.6742788461538461 0.051682692307692304 0.21875
9 0.2439903846153846 0.6598557692307693 0.06610576923076923 0.21033653846153846