9 0.06610576923076923 0.7103365384615384 0.08052884615384616 0.37740384615384615
9 0.10336538461538461 0.5324519230769231 0.040865384615384616 0.15264423076923078
9 0.14302884615384615 0.6814903846153846 0.051682692307692304 0.40625
9 0.1935096153846154 0.6538461538461539 0.04807692307692308 0.42427884615384615
9 0.24639423076923078 0.6394230769230769 0.05889423076923077 0.38822115384615385
9 0.30408653846153844 0.6322115384615384 0.04807692307692308 0.37259615384615385
9 0.3557692307692308 0.65625 0.0625 0.3918269230769231
9 0.43028846153846156 0.6574519230769231 0.078125 0.48197115384615385
9 0.5132211538461539 0.6610576923076923 0.09134615384615384 0.5108173076923077
9 0.6466346153846154 0.6778846153846154 0.09735576923076923 0.5649038461538461
9 0.7415865384615384 0.703125 0.10817307692307693 0.5865384615384616
9 0.8040865384615384 0.6814903846153846 0.06490384615384616 0.6081730769230769
9 0.8677884615384616 0.6971153846153846 0.0829326923076923 0.5901442307692307
9 0.9314903846153846 0.6935096153846154 0.10216346153846154 0.5757211538461539