3 0.3359375 0.35234375 0.51875 0.42109375
4 0.7015625 0.30703125 0.59375 0.60390625
9 0.17265625 0.69296875 0.0984375 0.47265625
9 0.246875 0.70234375 0.090625 0.48671875
9 0.31875 0.70078125 0.06875 0.47265625
9 0.37578125 0.6859375 0.0578125 0.54609375
9 0.4390625 0.73125 0.084375 0.5109375
9 0.50546875 0.72109375 0.0734375 0.540625
9 0.55078125 0.6828125 0.0515625 0.48671875
9 0.62265625 0.68984375 0.0703125 0.47265625
9 0.6640625 0.4984375 0.040625 0.10625
9 0.71796875 0.6609375 0.0765625 0.48125
9 0.77734375 0.6734375 0.0609375 0.43984375
9 0.85859375 0.68203125 0.0984375 0.49453125