3 0.33653846153846156 0.35216346153846156 0.5192307692307693 0.4206730769230769
4 0.7019230769230769 0.3076923076923077 0.59375 0.6033653846153846
9 0.17307692307692307 0.6923076923076923 0.0985576923076923 0.4723557692307692
9 0.24639423076923078 0.7019230769230769 0.09014423076923077 0.48677884615384615
9 0.31850961538461536 0.7007211538461539 0.06850961538461539 0.4723557692307692
9 0.3762019230769231 0.6862980769230769 0.057692307692307696 0.546875
9 0.4387019230769231 0.7307692307692307 0.08413461538461539 0.5108173076923077
9 0.5060096153846154 0.7211538461538461 0.0733173076923077 0.5408653846153846
9 0.5504807692307693 0.6826923076923077 0.051682692307692304 0.48677884615384615
9 0.6225961538461539 0.6899038461538461 0.06971153846153846 0.4723557692307692
9 0.6634615384615384 0.4987980769230769 0.040865384615384616 0.10697115384615384
9 0.7175480769230769 0.6610576923076923 0.07692307692307693 0.4807692307692308
9 0.7776442307692307 0.6730769230769231 0.06129807692307692 0.43990384615384615
9 0.8581730769230769 0.6814903846153846 0.0985576923076923 0.49399038461538464