13 0.29296875 0.575 0.078125 0.196875
13 0.140625 0.5375 0.07890625 0.21328125
13 0.06171875 0.59609375 0.08203125 0.1984375
13 0.8375 0.54765625 0.06875 0.1984375
13 0.2234375 0.5109375 0.08203125 0.19375
13 0.92265625 0.5328125 0.0859375 0.18515625
12 0.22265625 0.34765625 0.0453125 0.06328125
12 0.071875 0.43125 0.0609375 0.084375
12 0.10546875 0.346875 0.03359375 0.053125
12 0.15 0.3515625 0.034375 0.06328125
12 0.18671875 0.3734375 0.02734375 0.06171875
12 0.2734375 0.3640625 0.0328125 0.04453125
12 0.26953125 0.33125 0.03671875 0.046875
12 0.3171875 0.35859375 0.03203125 0.05546875
12 0.3 0.43046875 0.03984375 0.05625
12 0.3359375 0.39296875 0.0234375 0.0359375
12 0.36328125 0.38515625 0.03203125 0.06171875
12 0.3921875 0.35078125 0.03203125 0.071875
12 0.4359375 0.3546875 0.03515625 0.0640625
12 0.4734375 0.35 0.02734375 0.0515625
12 0.496875 0.34140625 0.0421875 0.04765625
12 0.51953125 0.36171875 0.03515625 0.05078125
12 0.58359375 0.31796875 0.04140625 0.0453125
12 0.55078125 0.3453125 0.0296875 0.05
12 0.60546875 0.37265625 0.02734375 0.06328125
12 0.63125 0.3609375 0.02265625 0.05234375
12 0.66796875 0.35078125 0.04765625 0.053125
12 0.71875 0.371875 0.0375 0.05625
12 0.85078125 0.403125 0.0390625 0.0578125
12 0.7796875 0.34765625 0.04375 0.046875
13 0.7828125 0.50703125 0.07109375 0.17734375
12 0.8078125 0.3890625 0.028125 0.04453125
12 0.84140625 0.34375 0.0453125 0.04453125
12 0.8796875 0.3796875 0.0421875 0.053125
12 0.91640625 0.38671875 0.04921875 0.0390625
12 0.94140625 0.38359375 0.03984375 0.0421875
13 0.60703125 0.4640625 0.059375 0.05078125
13 0.725 0.5359375 0.0671875 0.20234375