13 0.70390625 0.4890625 0.0890625 0.2515625
13 0.40234375 0.56796875 0.0984375 0.2421875
13 0.29765625 0.54296875 0.0875 0.26640625
13 0.5125 0.5578125 0.096875 0.23203125
12 0.134375 0.2703125 0.065625 0.08671875
13 0.1328125 0.421875 0.06015625 0.16640625
12 0.30625 0.34609375 0.06328125 0.0828125
12 0.4171875 0.37734375 0.05078125 0.0859375
12 0.471875 0.37421875 0.03125 0.0734375
12 0.5125 0.35390625 0.05390625 0.0859375
12 0.68828125 0.3078125 0.06328125 0.08828125
12 0.60703125 0.440625 0.0390625 0.06640625
12 0.79453125 0.27734375 0.05234375 0.0765625
13 0.81328125 0.4890625 0.06953125 0.25625
13 0.6078125 0.578125 0.0578125 0.16328125