12 0.4609375 0.5640625 0.04296875 0.06171875
12 0.81640625 0.5015625 0.06171875 0.07578125
13 0.696875 0.6609375 0.06328125 0.15703125
13 0.82578125 0.63515625 0.090625 0.159375
13 0.98203125 0.6703125 0.0359375 0.1109375
12 0.571875 0.58203125 0.02890625 0.05
12 0.684375 0.5515625 0.02890625 0.0484375
12 0.71171875 0.5328125 0.05546875 0.0671875
12 0.89609375 0.57578125 0.04609375 0.05703125
12 0.6546875 0.55546875 0.0234375 0.03671875
12 0.775 0.5640625 0.0328125 0.0484375
12 0.91171875 0.56796875 0.040625 0.05703125