13 0.87421875 0.5875 0.1734375 0.375
13 0.1390625 0.5171875 0.16328125 0.334375
12 0.85078125 0.3125 0.096875 0.10234375
12 0.57421875 0.2421875 0.07421875 0.0796875
12 0.14140625 0.23828125 0.0953125 0.0953125
12 0.2859375 0.30234375 0.0796875 0.090625
12 0.69921875 0.2453125 0.0796875 0.08671875
12 0.3875 0.334375 0.07578125 0.08203125
12 0.484375 0.31875 0.07265625 0.07109375
13 0.29921875 0.55625 0.125 0.29765625
13 0.3875 0.584375 0.0796875 0.3078125
13 0.47734375 0.5609375 0.1078125 0.328125
13 0.5734375 0.4828125 0.1109375 0.28203125
13 0.71796875 0.5078125 0.13515625 0.33125