12 0.04609375 0.253125 0.090625 0.18125
12 0.2484375 0.259375 0.090625 0.15
12 0.859375 0.26953125 0.0671875 0.08125
12 0.56484375 0.2890625 0.08125 0.1046875
12 0.384375 0.40078125 0.11875 0.190625
13 0.859375 0.46796875 0.1328125 0.2109375
13 0.084375 0.48203125 0.16875 0.325
13 0.259375 0.4828125 0.1421875 0.2453125
13 0.5609375 0.534375 0.1515625 0.2890625
13 0.20234375 0.55 0.08125 0.159375
13 0.10703125 0.5875 0.1140625 0.1796875
13 0.29453125 0.60625 0.078125 0.16875
13 0.62265625 0.62890625 0.0796875 0.234375
13 0.409375 0.74921875 0.2015625 0.421875
13 0.2765625 0.75546875 0.1203125 0.153125
13 0.44296875 0.8703125 0.1703125 0.259375