12 0.74609375 0.1546875 0.0703125 0.10546875
12 0.359375 0.24140625 0.0671875 0.13828125
12 0.53828125 0.2984375 0.06171875 0.1234375
12 0.16953125 0.4109375 0.1453125 0.39453125
12 0.34375 0.44140625 0.12578125 0.271875
12 0.0734375 0.45625 0.07578125 0.18046875
12 0.7359375 0.45859375 0.13515625 0.36796875
12 0.2390625 0.4734375 0.03984375 0.18046875
12 0.64921875 0.49921875 0.0546875 0.1484375
12 0.40390625 0.51484375 0.0328125 0.13359375
12 0.278125 0.51640625 0.03046875 0.159375
12 0.796875 0.525 0.04921875 0.20703125
12 0.4546875 0.5359375 0.04375 0.171875
12 0.51796875 0.5359375 0.13203125 0.325
12 0.5671875 0.5359375 0.053125 0.203125
12 0.071875 0.56953125 0.02890625 0.07109375
12 0.2328125 0.57421875 0.01171875 0.0640625
12 0.6390625 0.61640625 0.0265625 0.1015625
12 0.7796875 0.65078125 0.03203125 0.1109375
12 0.9578125 0.6546875 0.08359375 0.4515625
12 0.89453125 0.734375 0.07890625 0.234375
12 0.1859375 0.1359375 0.0796875 0.15390625