12 0.48828125 0.30078125 0.07734375 0.08046875
12 0.4828125 0.33984375 0.05859375 0.0609375
12 0.71796875 0.35546875 0.034375 0.05703125
12 0.95625 0.3921875 0.059375 0.05703125
12 0.34140625 0.39453125 0.04296875 0.06796875
12 0.44765625 0.4109375 0.021875 0.0390625
12 0.5890625 0.43203125 0.02890625 0.04140625
12 0.715625 0.5046875 0.07265625 0.19609375
12 0.34609375 0.55390625 0.08046875 0.2265625
12 0.5890625 0.5578125 0.06015625 0.15703125
12 0.678125 0.60234375 0.01953125 0.0609375
12 0.75234375 0.60546875 0.0109375 0.053125
12 0.9453125 0.6265625 0.10546875 0.3015625
12 0.4703125 0.628125 0.14296875 0.3984375
12 0.303125 0.64609375 0.0140625 0.046875
12 0.89375 0.76953125 0.02109375 0.0515625