12 0.196875 0.15 0.0484375 0.04140625
12 0.3328125 0.20390625 0.04765625 0.096875
12 0.71484375 0.20625 0.0375 0.06640625
12 0.4375 0.259375 0.0421875 0.096875
12 0.5703125 0.2953125 0.0421875 0.053125
12 0.87890625 0.3515625 0.0484375 0.08046875
12 0.175 0.37421875 0.10859375 0.3515625
12 0.3125 0.39140625 0.096875 0.25390625
12 0.703125 0.3921875 0.09609375 0.22890625
12 0.43125 0.39921875 0.0859375 0.2
12 0.55390625 0.46875 0.1 0.22109375
12 0.2625 0.50234375 0.01953125 0.04140625
12 0.646875 0.52109375 0.0234375 0.06640625
12 0.7390625 0.534375 0.0234375 0.078125
12 0.86484375 0.546875 0.0921875 0.26640625
12 0.8140625 0.67890625 0.02109375 0.03359375
12 0.18828125 0.0984375 0.065625 0.06640625