12 0.60625 0.16484375 0.0453125 0.06640625
12 0.24296875 0.18125 0.04375 0.084375
12 0.35625 0.22109375 0.0375 0.08046875
12 0.471875 0.25 0.0375 0.053125
12 0.7609375 0.303125 0.04609375 0.0875
12 0.0796875 0.33359375 0.11328125 0.30546875
12 0.2359375 0.346875 0.0890625 0.2390625
12 0.3546875 0.3578125 0.0828125 0.190625
12 0.60234375 0.359375 0.1046875 0.240625
12 0.4671875 0.428125 0.09375 0.2125
12 0.1828125 0.4453125 0.0234375 0.053125
12 0.54765625 0.48359375 0.01796875 0.075
12 0.63203125 0.5015625 0.0234375 0.08203125
12 0.74296875 0.50234375 0.11328125 0.28359375
12 0.0796875 0.08984375 0.059375 0.05703125
12 0.0828125 0.1375 0.03828125 0.034375