12 0.25859375 0.2125 0.0265625 0.0421875
12 0.5484375 0.228125 0.025 0.0484375
12 0.375 0.24609375 0.028125 0.0453125
12 0.61484375 0.25546875 0.0265625 0.0453125
12 0.43828125 0.27421875 0.028125 0.046875
12 0.50390625 0.28828125 0.021875 0.03125
13 0.55 0.334375 0.0546875 0.128125
12 0.2546875 0.34296875 0.0625 0.1578125
13 0.5671875 0.34765625 0.0203125 0.0921875
13 0.36875 0.3484375 0.0390625 0.1296875
13 0.43515625 0.3578125 0.0484375 0.115625
13 0.34375 0.35859375 0.025 0.0703125
13 0.5 0.375 0.0421875 0.115625
13 0.51796875 0.375 0.01875 0.071875
13 0.6125 0.375 0.059375 0.1546875
13 0.4609375 0.38203125 0.0140625 0.046875
13 0.4765625 0.384375 0.0140625 0.0609375
13 0.4125 0.3875 0.0125 0.0515625
13 0.58125 0.421875 0.015625 0.071875
13 0.6390625 0.42421875 0.0234375 0.0640625