12 0.4328125 0.27109375 0.075 0.1171875
12 0.94453125 0.31328125 0.0609375 0.090625
12 0.57578125 0.375 0.0671875 0.128125
12 0.7375 0.43046875 0.059375 0.096875
13 0.396875 0.54453125 0.1109375 0.41875
13 0.55546875 0.559375 0.1140625 0.325
13 0.9125 0.58359375 0.1265625 0.3328125
13 0.3296875 0.5953125 0.046875 0.215625
13 0.20625 0.603125 0.184375 0.65
13 0.45625 0.615625 0.021875 0.1390625
13 0.84375 0.63125 0.04375 0.1625
13 0.4890625 0.6359375 0.040625 0.121875
13 0.60234375 0.65 0.025 0.1140625
13 0.9828125 0.653125 0.03125 0.1828125
13 0.6640625 0.66953125 0.059375 0.1765625
13 0.70625 0.671875 0.121875 0.321875
13 0.765625 0.67421875 0.0546875 0.1859375
12 0.2453125 0.1109375 0.14375 0.134375