12 0.48515625 0.13984375 0.0703125 0.0953125
12 0.0796875 0.190625 0.059375 0.0953125
12 0.21796875 0.26484375 0.0515625 0.1015625
12 0.6671875 0.271875 0.078125 0.1078125
12 0.35 0.28046875 0.059375 0.0859375
13 0.0828125 0.390625 0.115625 0.2765625
13 0.01640625 0.40390625 0.0328125 0.1390625
13 0.48359375 0.42265625 0.1296875 0.340625
13 0.2296875 0.42265625 0.096875 0.2390625
13 0.14375 0.4296875 0.0375 0.159375
13 0.421875 0.475 0.0265625 0.1203125
13 0.30234375 0.48671875 0.0171875 0.14375
13 0.2765625 0.49375 0.0296875 0.10625
13 0.53125 0.496875 0.05 0.20625
13 0.384375 0.50234375 0.0515625 0.1625
13 0.178125 0.503125 0.01875 0.0859375
13 0.3421875 0.5046875 0.103125 0.28125
13 0.65625 0.6171875 0.159375 0.46875
13 0.55 0.678125 0.05625 0.25625
13 0.7296875 0.74609375 0.0671875 0.2078125