9 0.4796875 0.4015625 0.0140625 0.0234375
9 0.546875 0.4296875 0.01328125 0.02890625
9 0.57421875 0.46484375 0.0125 0.02890625
9 0.634375 0.46484375 0.0140625 0.03203125
9 0.47265625 0.490625 0.0578125 0.24140625
9 0.65703125 0.525 0.01328125 0.03203125
9 0.540625 0.5296875 0.0515625 0.2734375
9 0.56640625 0.56484375 0.065625 0.259375
9 0.6328125 0.56640625 0.0484375 0.2640625
9 0.653125 0.64453125 0.06328125 0.30859375
9 0.7703125 0.73515625 0.06640625 0.30390625
9 0.7046875 0.81171875 0.10234375 0.30703125