9 0.8870192307692307 0.5829326923076923 0.09975961538461539 0.7668269230769231
9 0.7896634615384616 0.5925480769230769 0.08774038461538461 0.6959134615384616
9 0.7355769230769231 0.5757211538461539 0.05889423076923077 0.5961538461538461
9 0.6887019230769231 0.578125 0.06971153846153846 0.578125
9 0.6177884615384616 0.5576923076923077 0.0733173076923077 0.5661057692307693
9 0.5540865384615384 0.5504807692307693 0.078125 0.5516826923076923
9 0.4891826923076923 0.5168269230769231 0.07451923076923077 0.5144230769230769
9 0.41586538461538464 0.4963942307692308 0.08173076923076923 0.42908653846153844
9 0.33052884615384615 0.5 0.08533653846153846 0.4519230769230769
9 0.25240384615384615 0.5 0.06850961538461539 0.4891826923076923
9 0.19951923076923078 0.5384615384615384 0.056490384615384616 0.5072115384615384
9 0.12860576923076922 0.5588942307692307 0.06850961538461539 0.6298076923076923