9 0.8040865384615384 0.49759615384615385 0.06009615384615385 0.19471153846153846
9 0.7512019230769231 0.49278846153846156 0.051682692307692304 0.1622596153846154
9 0.6887019230769231 0.48197115384615385 0.051682692307692304 0.16466346153846154
9 0.6346153846153846 0.49038461538461536 0.051682692307692304 0.16826923076923078
9 0.578125 0.4855769230769231 0.06370192307692307 0.1622596153846154
9 0.5144230769230769 0.4795673076923077 0.051682692307692304 0.171875
9 0.4495192307692308 0.4831730769230769 0.04807692307692308 0.15384615384615385
9 0.40024038461538464 0.4855769230769231 0.05048076923076923 0.18389423076923078
9 0.3401442307692308 0.4699519230769231 0.056490384615384616 0.18389423076923078
9 0.2776442307692308 0.4723557692307692 0.051682692307692304 0.15865384615384615
9 0.20673076923076922 0.46875 0.055288461538461536 0.1971153846153846
9 0.15144230769230768 0.46033653846153844 0.05048076923076923 0.22956730769230768
6 0.203125 0.41466346153846156 0.38100961538461536 0.24158653846153846
4 0.6959134615384616 0.3473557692307692 0.4206730769230769 0.4483173076923077