9 0.9423076923076923 0.6778846153846154 0.11298076923076923 0.35697115384615385
9 0.8137019230769231 0.6225961538461539 0.14302884615384615 0.3786057692307692
9 0.6382211538461539 0.6009615384615384 0.12980769230769232 0.38221153846153844
9 0.45913461538461536 0.5733173076923077 0.15504807692307693 0.4567307692307692
9 0.2668269230769231 0.5805288461538461 0.13581730769230768 0.39663461538461536
9 0.06129807692307692 0.5685096153846154 0.12259615384615384 0.3870192307692308
9 0.8617788461538461 0.3798076923076923 0.12139423076923077 0.2848557692307692
9 0.7235576923076923 0.5072115384615384 0.09735576923076923 0.49759615384615385
9 0.6045673076923077 0.3605769230769231 0.13822115384615385 0.35096153846153844
9 0.39903846153846156 0.33052884615384615 0.10576923076923077 0.31490384615384615
9 0.27283653846153844 0.2956730769230769 0.14543269230769232 0.30288461538461536
9 0.13581730769230768 0.4639423076923077 0.1466346153846154 0.5673076923076923