9 0.8762019230769231 0.6442307692307693 0.09615384615384616 0.43149038461538464
9 0.7776442307692307 0.6141826923076923 0.0889423076923077 0.4519230769230769
9 0.6682692307692307 0.6069711538461539 0.09375 0.45072115384615385
9 0.5817307692307693 0.6057692307692307 0.07211538461538461 0.42908653846153844
9 0.5132211538461539 0.5805288461538461 0.09975961538461539 0.4411057692307692
9 0.4411057692307692 0.5685096153846154 0.09375 0.44711538461538464
9 0.36658653846153844 0.5625 0.09134615384615384 0.44350961538461536
9 0.2848557692307692 0.5685096153846154 0.09975961538461539 0.43509615384615385
9 0.21634615384615385 0.5649038461538461 0.09134615384615384 0.45913461538461536
9 0.12379807692307693 0.5745192307692307 0.09254807692307693 0.4723557692307692
9 0.02403846153846154 0.5853365384615384 0.042067307692307696 0.5300480769230769