13 0.034375 0.62734375 0.05703125 0.09765625
13 0.075 0.65390625 0.06484375 0.1
13 0.12265625 0.63515625 0.0578125 0.07578125
13 0.17421875 0.63984375 0.06796875 0.08515625
13 0.21796875 0.63828125 0.06015625 0.09609375
13 0.253125 0.65078125 0.06171875 0.090625
13 0.30078125 0.62890625 0.03671875 0.034375
13 0.35546875 0.6296875 0.0515625 0.04921875
13 0.39296875 0.62265625 0.040625 0.03203125
13 0.4375 0.6234375 0.071875 0.04453125
13 0.465625 0.61484375 0.046875 0.0328125
13 0.49921875 0.615625 0.046875 0.034375
13 0.53515625 0.6203125 0.0421875 0.0328125
13 0.61796875 0.6359375 0.0453125 0.10078125
13 0.65625 0.67109375 0.05859375 0.103125
13 0.74140625 0.65625 0.04140625 0.0921875
13 0.7046875 0.66171875 0.053125 0.1125
13 0.8234375 0.66484375 0.04375 0.1015625
13 0.77578125 0.66328125 0.034375 0.11328125
13 0.87265625 0.64765625 0.046875 0.1
13 0.9078125 0.6390625 0.06875 0.11875
13 0.9625 0.64453125 0.0609375 0.12109375
12 0.73984375 0.575 0.04296875 0.046875
12 0.6609375 0.58203125 0.03359375 0.0390625
12 0.675 0.57734375 0.0296875 0.04140625
12 0.7015625 0.5859375 0.03203125 0.02578125
12 0.73515625 0.5765625 0.03046875 0.0390625
12 0.61328125 0.55625 0.03671875 0.02734375
12 0.31953125 0.575 0.03671875 0.03671875
12 0.3578125 0.56875 0.025 0.03203125
12 0.39765625 0.5734375 0.0265625 0.02578125
12 0.43828125 0.5625 0.02734375 0.02421875
12 0.47578125 0.57109375 0.02109375 0.03046875
12 0.50546875 0.571875 0.025 0.02734375
12 0.53203125 0.5734375 0.03203125 0.0328125
12 0.5671875 0.56796875 0.03125 0.040625
12 0.2359375 0.5546875 0.03828125 0.0515625
12 0.253125 0.57578125 0.003125 0.00546875
12 0.265625 0.5625 0.025 0.04140625
12 0.29765625 0.559375 0.021875 0.02421875
12 0.140625 0.55625 0.03046875 0.0328125
12 0.17578125 0.559375 0.03203125 0.04296875
12 0.0953125 0.5609375 0.028125 0.0375
12 0.04453125 0.5453125 0.03359375 0.04375
12 0.77265625 0.5921875 0.02421875 0.04140625
12 0.8140625 0.5828125 0.03828125 0.0359375
12 0.8421875 0.57578125 0.03046875 0.04609375
12 0.94609375 0.5515625 0.02890625 0.034375
12 0.89296875 0.55390625 0.046875 0.04765625