2 0.5372596153846154 0.4879807692307692 0.8930288461538461 0.9627403846153846
9 0.09495192307692307 0.8269230769230769 0.13221153846153846 0.3425480769230769
9 0.2800480769230769 0.8389423076923077 0.06610576923076923 0.24759615384615385
9 0.45913461538461536 0.8461538461538461 0.07932692307692307 0.25600961538461536
9 0.8870192307692307 0.8689903846153846 0.05048076923076923 0.20552884615384615
9 0.734375 0.8798076923076923 0.07572115384615384 0.22355769230769232
9 0.6466346153846154 0.875 0.06370192307692307 0.20192307692307693
9 0.23197115384615385 0.8485576923076923 0.051682692307692304 0.2439903846153846
9 0.3473557692307692 0.8605769230769231 0.042067307692307696 0.20432692307692307
9 0.3954326923076923 0.8629807692307693 0.04567307692307692 0.21634615384615385
9 0.5192307692307693 0.8605769230769231 0.039663461538461536 0.21153846153846154