9 0.72578125 0.4328125 0.0546875 0.25390625
9 0.275 0.83203125 0.0875 0.328125
9 0.38125 0.83984375 0.075 0.309375
9 0.6578125 0.39765625 0.04453125 0.23203125
9 0.53828125 0.2671875 0.0453125 0.20703125
9 0.84921875 0.1859375 0.03125 0.13046875
9 0.08359375 0.92109375 0.071875 0.15546875
9 0.8734375 0.1890625 0.0265625 0.128125
9 0.68359375 0.4421875 0.0296875 0.15390625
9 0.9 0.115625 0.01796875 0.096875
9 0.915625 0.12578125 0.01953125 0.07890625
9 0.77109375 0.103125 0.028125 0.05390625
9 0.79609375 0.1328125 0.0171875 0.034375
9 0.2640625 0.71015625 0.01953125 0.040625
9 0.3703125 0.7515625 0.01875 0.04140625
9 0.725 0.33046875 0.01015625 0.025
9 0.6609375 0.31015625 0.01171875 0.0265625