9 0.7296875 0.43125 0.053125 0.25703125
9 0.39765625 0.83671875 0.090625 0.309375
9 0.275 0.82734375 0.07890625 0.3375
9 0.66015625 0.396875 0.0453125 0.234375
9 0.8484375 0.1875 0.0328125 0.13046875
9 0.5375 0.26640625 0.04453125 0.20546875
9 0.09140625 0.915625 0.0734375 0.1625
9 0.8734375 0.190625 0.02421875 0.12890625
9 0.9 0.11640625 0.01796875 0.096875
9 0.68671875 0.43828125 0.0296875 0.15390625
9 0.915625 0.12421875 0.01953125 0.084375
9 0.79609375 0.1328125 0.0171875 0.034375
9 0.7703125 0.103125 0.02578125 0.05703125
9 0.27109375 0.69765625 0.01875 0.040625
9 0.66328125 0.3078125 0.0125 0.0265625
9 0.378125 0.740625 0.01796875 0.040625
9 0.728125 0.32734375 0.0109375 0.0265625