9 0.24879807692307693 0.6947115384615384 0.09134615384615384 0.5612980769230769
9 0.3293269230769231 0.6995192307692307 0.06370192307692307 0.4963942307692308
9 0.4098557692307692 0.6802884615384616 0.07451923076923077 0.5300480769230769
9 0.4795673076923077 0.6706730769230769 0.06850961538461539 0.5180288461538461
9 0.5408653846153846 0.5721153846153846 0.052884615384615384 0.46033653846153844
9 0.6033653846153846 0.6694711538461539 0.07451923076923077 0.49038461538461536
9 0.6670673076923077 0.7043269230769231 0.06610576923076923 0.5552884615384616
9 0.7548076923076923 0.671875 0.0889423076923077 0.5889423076923077
9 0.8341346153846154 0.6742788461538461 0.09615384615384616 0.5552884615384616
9 0.9266826923076923 0.7259615384615384 0.07572115384615384 0.4639423076923077
0 0.48677884615384615 0.5048076923076923 0.9495192307692307 0.984375