9 0.09254807692307693 0.65625 0.1045673076923077 0.6490384615384616
9 0.17908653846153846 0.625 0.07451923076923077 0.6201923076923077
9 0.24158653846153846 0.5769230769230769 0.06009615384615385 0.5180288461538461
9 0.2932692307692308 0.5769230769230769 0.05048076923076923 0.44591346153846156
9 0.34615384615384615 0.5528846153846154 0.06370192307692307 0.5012019230769231
9 0.4182692307692308 0.5709134615384616 0.06971153846153846 0.49158653846153844
9 0.4891826923076923 0.5673076923076923 0.06490384615384616 0.4651442307692308
9 0.5612980769230769 0.5396634615384616 0.06610576923076923 0.46875
9 0.6370192307692307 0.5264423076923077 0.0829326923076923 0.4951923076923077
9 0.7175480769230769 0.5588942307692307 0.07211538461538461 0.46274038461538464
9 0.7980769230769231 0.5841346153846154 0.08052884615384616 0.5048076923076923
9 0.8737980769230769 0.5420673076923077 0.078125 0.46875