2 0.48203125 0.4484375 0.01640625 0.02265625
2 0.21953125 0.45625 0.03046875 0.028125
2 0.03359375 0.65546875 0.06640625 0.09921875
2 0.21640625 0.8125 0.1609375 0.11796875
2 0.39921875 0.8125 0.04609375 0.09375
2 0.53515625 0.48515625 0.02890625 0.046875
2 0.5875 0.47890625 0.028125 0.059375
4 0.57265625 0.45859375 0.05390625 0.05546875
4 0.584375 0.52578125 0.0875 0.08671875
4 0.64140625 0.4171875 0.04453125 0.04375
4 0.63203125 0.3875 0.0390625 0.03125
4 0.3625 0.471875 0.03359375 0.0765625
2 0.31328125 0.51796875 0.06796875 0.0640625