2 0.6057692307692307 0.4375 0.7848557692307693 0.8100961538461539
9 0.13701923076923078 0.8617788461538461 0.11057692307692307 0.27163461538461536
9 0.26802884615384615 0.8269230769230769 0.08173076923076923 0.28846153846153844
9 0.6610576923076923 0.8509615384615384 0.09014423076923077 0.25
9 0.31850961538461536 0.8521634615384616 0.07211538461538461 0.28125
9 0.4110576923076923 0.8569711538461539 0.09254807692307693 0.28125
9 0.49158653846153844 0.8569711538461539 0.09375 0.28365384615384615
9 0.5841346153846154 0.84375 0.07211538461538461 0.2848557692307692
9 0.12379807692307693 0.6586538461538461 0.05889423076923077 0.19471153846153846
9 0.09134615384615384 0.6045673076923077 0.030048076923076924 0.12139423076923077
9 0.18629807692307693 0.6682692307692307 0.039663461538461536 0.18629807692307693
9 0.23557692307692307 0.6598557692307693 0.04447115384615385 0.19110576923076922
9 0.26322115384615385 0.6478365384615384 0.04326923076923077 0.17307692307692307