2 0.45552884615384615 0.46634615384615385 0.7487980769230769 0.7992788461538461
9 0.3088942307692308 0.7163461538461539 0.08533653846153846 0.3401442307692308
9 0.359375 0.7091346153846154 0.06971153846153846 0.3245192307692308
9 0.4110576923076923 0.703125 0.0733173076923077 0.30408653846153844
9 0.47115384615384615 0.6935096153846154 0.06971153846153846 0.30408653846153844
9 0.5192307692307693 0.6935096153846154 0.06610576923076923 0.30408653846153844
9 0.5805288461538461 0.6754807692307693 0.08052884615384616 0.27884615384615385
9 0.6466346153846154 0.6670673076923077 0.09615384615384616 0.3245192307692308
9 0.6778846153846154 0.35096153846153844 0.1045673076923077 0.25721153846153844
9 0.6021634615384616 0.4411057692307692 0.07692307692307693 0.23197115384615385
9 0.5324519230769231 0.43509615384615385 0.06971153846153846 0.21153846153846154
9 0.42427884615384615 0.45913461538461536 0.09254807692307693 0.24759615384615385
9 0.34615384615384615 0.4387019230769231 0.06610576923076923 0.22716346153846154
9 0.2704326923076923 0.4170673076923077 0.08533653846153846 0.25721153846153844