9 0.10546875 0.68984375 0.1375 0.6203125
9 0.2203125 0.69453125 0.084375 0.5875
9 0.31328125 0.6375 0.0828125 0.55625
9 0.35703125 0.63515625 0.0390625 0.415625
9 0.396875 0.5828125 0.05078125 0.41015625
9 0.4765625 0.5609375 0.09453125 0.35234375
9 0.66875 0.46953125 0.01640625 0.10078125
9 0.69765625 0.58125 0.03984375 0.3078125
9 0.73984375 0.57421875 0.01875 0.30703125
12 0.66953125 0.4375 0.02421875 0.0328125
12 0.69609375 0.4375 0.02890625 0.03046875
9 0.73359375 0.3984375 0.02734375 0.08515625
6 0.8796875 0.66328125 0.240625 0.6734375
9 0.7859375 0.4859375 0.04375 0.153125
9 0.93046875 0.42578125 0.06171875 0.11875
9 0.9796875 0.459375 0.040625 0.2203125
12 0.1296875 0.4046875 0.0828125 0.0671875
12 0.221875 0.43671875 0.07265625 0.05859375
12 0.3140625 0.39453125 0.05703125 0.05
12 0.353125 0.440625 0.03515625 0.03671875
12 0.40390625 0.41640625 0.04453125 0.04453125
12 0.47265625 0.403125 0.04140625 0.0375
12 0.73515625 0.38125 0.02890625 0.0265625
12 0.75 0.42578125 0.03046875 0.03671875
12 0.78359375 0.41953125 0.040625 0.03671875
12 0.93515625 0.3953125 0.05625 0.065625
12 0.9859375 0.40078125 0.028125 0.05625