9 0.03125 0.65859375 0.0625 0.6546875
9 0.2625 0.49609375 0.090625 0.3296875
9 0.17734375 0.52578125 0.06796875 0.33671875
9 0.07421875 0.53046875 0.0625 0.34140625
9 0.10859375 0.50390625 0.06796875 0.365625
9 0.46171875 0.47421875 0.04140625 0.24296875
9 0.48984375 0.48515625 0.0296875 0.23828125
9 0.50625 0.47421875 0.021875 0.23984375
9 0.528125 0.49140625 0.01796875 0.2546875
9 0.55546875 0.51328125 0.03515625 0.28125
9 0.59296875 0.509375 0.0390625 0.36015625
9 0.64296875 0.546875 0.04140625 0.42734375
9 0.696875 0.5640625 0.07109375 0.478125
9 0.76796875 0.59453125 0.06171875 0.49296875
9 0.85234375 0.60625 0.096875 0.59609375
9 0.95546875 0.55234375 0.0890625 0.4484375
12 0.25 0.346875 0.03203125 0.028125
12 0.17265625 0.38046875 0.0375 0.02578125
12 0.01953125 0.371875 0.03828125 0.06015625
12 0.05859375 0.37734375 0.034375 0.0359375
12 0.11328125 0.34453125 0.0453125 0.0359375
12 0.01953125 0.3140625 0.0390625 0.05078125
12 0.4640625 0.3765625 0.0203125 0.0140625
12 0.528125 0.378125 0.02421875 0.0234375
12 0.5515625 0.3875 0.03046875 0.0265625
12 0.60234375 0.34765625 0.0328125 0.02890625
12 0.646875 0.3515625 0.03515625 0.03671875
12 0.69921875 0.353125 0.040625 0.046875
12 0.77265625 0.37578125 0.04921875 0.03984375
12 0.85546875 0.34453125 0.075 0.05
12 0.95 0.36171875 0.07421875 0.05703125
12 0.79765625 0.3640625 0.03203125 0.04140625
12 0.5109375 0.37109375 0.02265625 0.015625
12 0.48984375 0.3703125 0.021875 0.0203125