2 0.88828125 0.5 0.16328125 0.19453125
2 0.4046875 0.38984375 0.8078125 0.778125
9 0.28515625 0.64921875 0.09609375 0.48046875
9 0.3421875 0.65 0.05390625 0.3421875
9 0.39140625 0.64609375 0.07265625 0.37109375
9 0.4484375 0.63203125 0.06015625 0.37265625
9 0.50390625 0.6546875 0.06875 0.34609375
9 0.57734375 0.6375 0.07734375 0.38046875
9 0.64609375 0.66875 0.05546875 0.39921875
9 0.68515625 0.68203125 0.0765625 0.46015625
9 0.771875 0.696875 0.10703125 0.57265625
12 0.29140625 0.440625 0.05625 0.0359375
12 0.33671875 0.48984375 0.0390625 0.03203125
12 0.39140625 0.49765625 0.03359375 0.03515625
12 0.4421875 0.4671875 0.03515625 0.0234375
12 0.49140625 0.48828125 0.02734375 0.02578125