6 0.18269230769230768 0.4951923076923077 0.36538461538461536 0.9903846153846154
9 0.3233173076923077 0.5084134615384616 0.06129807692307692 0.2956730769230769
9 0.35216346153846156 0.46274038461538464 0.028846153846153848 0.1778846153846154
9 0.39783653846153844 0.4639423076923077 0.05048076923076923 0.17067307692307693
9 0.4795673076923077 0.4543269230769231 0.030048076923076924 0.18629807692307693
9 0.5072115384615384 0.46274038461538464 0.03365384615384615 0.18269230769230768
9 0.5901442307692307 0.46153846153846156 0.042067307692307696 0.19591346153846154
9 0.6298076923076923 0.47836538461538464 0.042067307692307696 0.19831730769230768
9 0.6814903846153846 0.46634615384615385 0.046875 0.21153846153846154
9 0.7560096153846154 0.47836538461538464 0.040865384615384616 0.21394230769230768
9 0.8052884615384616 0.4963942307692308 0.04447115384615385 0.2548076923076923
9 0.9002403846153846 0.6502403846153846 0.125 0.6947115384615384
9 0.8389423076923077 0.4807692307692308 0.03365384615384615 0.22956730769230768
9 0.5612980769230769 0.46033653846153844 0.02403846153846154 0.1622596153846154