12 0.2203125 0.30859375 0.059375 0.0609375
12 0.5859375 0.27890625 0.06875 0.0671875
12 0.69765625 0.32109375 0.0609375 0.0578125
12 0.40546875 0.55546875 0.1203125 0.2890625
12 0.60078125 0.47890625 0.0984375 0.2734375
12 0.70546875 0.52109375 0.1078125 0.2546875
12 0.409375 0.33984375 0.06875 0.0859375
12 0.64921875 0.53984375 0.0515625 0.0609375
12 0.309375 0.62890625 0.046875 0.0765625
12 0.25 0.8421875 0.065625 0.028125
12 0.3609375 0.9296875 0.0375 0.03125
12 0.421875 0.93046875 0.034375 0.0328125
12 0.6 0.921875 0.075 0.040625
12 0.68828125 0.91171875 0.0734375 0.0328125
12 0.1265625 0.8140625 0.05 0.0875
9 0.20078125 0.565625 0.1921875 0.628125
9 0.3875 0.6203125 0.184375 0.684375
9 0.59765625 0.603125 0.1828125 0.7375
9 0.7140625 0.61328125 0.175 0.65625