8 0.9171875 0.50390625 0.1421875 0.09921875
9 0.5 0.7125 0.10859375 0.509375
9 0.40546875 0.690625 0.06953125 0.471875
9 0.3046875 0.6234375 0.05078125 0.39140625
9 0.34140625 0.65546875 0.05625 0.4375
9 0.22109375 0.58359375 0.053125 0.35234375
9 0.25625 0.609375 0.05234375 0.36640625
9 0.16953125 0.55859375 0.0640625 0.359375
9 0.5984375 0.6890625 0.07734375 0.484375
9 0.6515625 0.646875 0.05703125 0.4203125
9 0.7109375 0.6359375 0.0453125 0.3921875
9 0.75546875 0.6328125 0.0453125 0.38125
9 0.78046875 0.61484375 0.0390625 0.3703125
9 0.82578125 0.603125 0.0640625 0.340625
12 0.17890625 0.41484375 0.0359375 0.02890625
12 0.22265625 0.4296875 0.03984375 0.03671875
12 0.2625 0.4390625 0.03828125 0.03671875
12 0.31015625 0.4484375 0.03046875 0.03828125
12 0.3578125 0.43984375 0.03046875 0.0421875
12 0.40859375 0.471875 0.0453125 0.03125
12 0.50234375 0.47890625 0.0625 0.05
12 0.58984375 0.46953125 0.05703125 0.03046875
12 0.6609375 0.46640625 0.046875 0.05
12 0.7109375 0.4625 0.03125 0.03046875
12 0.7484375 0.45703125 0.0296875 0.040625
12 0.7796875 0.45 0.03671875 0.0421875
12 0.81640625 0.4484375 0.0296875 0.034375