2 0.2578125 0.35390625 0.515625 0.6765625
2 0.70546875 0.4328125 0.371875 0.50078125
2 0.94375 0.3421875 0.1125 0.3
9 0.60703125 0.6203125 0.04921875 0.24609375
9 0.97421875 0.84296875 0.0515625 0.171875
9 0.796875 0.6421875 0.04375 0.2671875
9 0.83828125 0.64296875 0.0375 0.3734375
9 0.88828125 0.6703125 0.040625 0.378125
9 0.9375 0.66953125 0.04609375 0.3921875
9 0.9828125 0.67890625 0.034375 0.3703125
12 0.60625 0.51328125 0.0296875 0.03203125
12 0.84765625 0.4953125 0.04609375 0.05546875
12 0.89140625 0.5015625 0.034375 0.0484375