0 0.68125 0.79453125 0.16640625 0.15703125
2 0.16640625 0.55078125 0.0453125 0.04375
0 0.321875 0.48984375 0.0375 0.046875
0 0.21875 0.42734375 0.025 0.0390625
0 0.28984375 0.44296875 0.0296875 0.04140625
0 0.33671875 0.36796875 0.02265625 0.02734375
0 0.25625 0.35546875 0.02421875 0.02265625
0 0.12421875 0.54609375 0.02890625 0.04609375
0 0.21953125 0.49765625 0.02421875 0.04609375
2 0.6578125 0.52890625 0.0296875 0.04375
2 0.52109375 0.49375 0.02890625 0.04140625
2 0.62734375 0.52734375 0.02578125 0.04140625
0 0.559375 0.3453125 0.0234375 0.0234375
2 0.5375 0.34609375 0.01953125 0.02265625