9 0.30546875 0.61484375 0.12578125 0.76953125
9 0.2078125 0.534375 0.0828125 0.596875
9 0.09296875 0.46328125 0.05546875 0.478125
9 0.14140625 0.50703125 0.0609375 0.51640625
9 0.89921875 0.5203125 0.1265625 0.52734375
9 0.77890625 0.54765625 0.1046875 0.59296875
9 0.5921875 0.58828125 0.10234375 0.678125
9 0.45703125 0.52578125 0.0609375 0.5
9 0.525 0.47265625 0.04296875 0.3765625
9 0.378125 0.49140625 0.0671875 0.4265625
9 0.6375 0.4953125 0.034375 0.4546875
9 0.73046875 0.4640625 0.03515625 0.36875
9 0.66328125 0.46328125 0.04375 0.3453125
12 0.0921875 0.25 0.04375 0.04765625
12 0.1421875 0.27421875 0.04453125 0.046875
12 0.2109375 0.25703125 0.0578125 0.0625
12 0.2890625 0.26328125 0.0765625 0.07890625
12 0.375 0.3109375 0.03984375 0.05703125
12 0.45546875 0.30078125 0.0484375 0.07109375
12 0.52578125 0.309375 0.03046875 0.0578125
12 0.59140625 0.271875 0.06484375 0.075
12 0.62734375 0.2828125 0.03125 0.06484375
12 0.653125 0.30703125 0.01953125 0.0375
12 0.7796875 0.27578125 0.05625 0.0703125
12 0.88203125 0.3078125 0.053125 0.05546875