9 0.66484375 0.88984375 0.1 0.2203125
9 0.40234375 0.85625 0.1140625 0.28671875
9 0.4453125 0.69453125 0.07578125 0.1484375
9 0.690625 0.7140625 0.06796875 0.14296875
9 0.64453125 0.71328125 0.040625 0.140625
9 0.325 0.51484375 0.06171875 0.2015625
9 0.896875 0.86015625 0.18671875 0.27890625
12 0.37109375 0.73046875 0.0421875 0.06484375
9 0.3828125 0.678125 0.0421875 0.0828125
12 0.31953125 0.425 0.02109375 0.03515625
12 0.4421875 0.64921875 0.03203125 0.04609375
12 0.6484375 0.6578125 0.02109375 0.034375
12 0.68671875 0.66328125 0.04140625 0.03359375