9 0.20546875 0.88046875 0.1171875 0.23828125
9 0.3375 0.88359375 0.12421875 0.2328125
9 0.471875 0.8546875 0.125 0.290625
9 0.5703125 0.825 0.1171875 0.35
9 0.6671875 0.828125 0.096875 0.33359375
9 0.79765625 0.8078125 0.1453125 0.384375
4 0.50625 0.36796875 0.55625 0.72734375
12 0.2203125 0.7875 0.06015625 0.0515625
12 0.3484375 0.78359375 0.0515625 0.046875
12 0.4796875 0.73359375 0.05078125 0.0390625
12 0.5640625 0.67734375 0.04140625 0.0390625
12 0.65546875 0.67421875 0.05078125 0.03984375
12 0.76796875 0.6515625 0.05625 0.0421875