9 0.28515625 0.6015625 0.1390625 0.796875
9 0.44765625 0.58203125 0.121875 0.8359375
9 0.59609375 0.58125 0.10703125 0.75390625
9 0.73984375 0.5375 0.10546875 0.68984375
9 0.88203125 0.49375 0.10546875 0.60234375
9 0.9765625 0.465625 0.04609375 0.52734375
9 0.7890625 0.290625 0.0234375 0.0828125
9 0.5515625 0.3609375 0.06171875 0.25
9 0.8359375 0.32421875 0.02890625 0.10703125
9 0.94609375 0.4390625 0.04140625 0.34453125
12 0.31484375 0.23671875 0.075 0.09609375
12 0.45078125 0.22109375 0.096875 0.10078125
12 0.6078125 0.2375 0.071875 0.05859375
12 0.746875 0.21640625 0.075 0.059375
12 0.88828125 0.2140625 0.0578125 0.0515625
12 0.98359375 0.22421875 0.0328125 0.04453125
12 0.78515625 0.2671875 0.01796875 0.03125