12 0.2640625 0.41484375 0.0625 0.0546875
13 0.46796875 0.66953125 0.03828125 0.08515625
12 0.47734375 0.59609375 0.0359375 0.0375
13 0.5109375 0.6671875 0.02890625 0.06484375
13 0.54140625 0.66875 0.05625 0.06171875
12 0.51640625 0.615625 0.02265625 0.0265625
12 0.53359375 0.609375 0.034375 0.02265625
13 0.60859375 0.69296875 0.05234375 0.11640625
12 0.6109375 0.6 0.04140625 0.03359375
12 0.6484375 0.5734375 0.04296875 0.03671875
12 0.7328125 0.60078125 0.04140625 0.028125
13 0.26171875 0.5578125 0.11953125 0.17578125
13 0.6703125 0.65078125 0.05546875 0.103125
13 0.71640625 0.7046875 0.0328125 0.07109375
13 0.7515625 0.6734375 0.03984375 0.0859375