12 0.04375 0.2546875 0.0875 0.10625
12 0.296875 0.26953125 0.1 0.0890625
12 0.50625 0.2765625 0.1 0.090625
12 0.7015625 0.24921875 0.1 0.1015625
12 0.90078125 0.134375 0.1203125 0.125
12 0.08046875 0.459375 0.1609375 0.321875
12 0.3125 0.45859375 0.1625 0.3171875
12 0.515625 0.4640625 0.175 0.28125
12 0.7078125 0.45234375 0.159375 0.3015625
12 0.04765625 0.625 0.0734375 0.10625
12 0.27890625 0.58828125 0.0640625 0.0921875
12 0.47421875 0.56484375 0.0609375 0.0953125
12 0.65078125 0.53828125 0.0578125 0.0734375
12 0.86171875 0.5421875 0.1078125 0.10625
12 0.89453125 0.16328125 0.10625 0.0515625