9 0.70703125 0.33125 0.0484375 0.1453125
9 0.7859375 0.3453125 0.0546875 0.1703125
9 0.5421875 0.359375 0.0390625 0.103125
9 0.62578125 0.36171875 0.0390625 0.1171875
9 0.31640625 0.36484375 0.0484375 0.1578125
9 0.47265625 0.36640625 0.0515625 0.1734375
9 0.28125 0.428125 0.0421875 0.1390625
9 0.39296875 0.4421875 0.059375 0.240625
9 0.7484375 0.53671875 0.09375 0.4390625
9 0.85078125 0.54140625 0.09375 0.4125
9 0.85625 0.5515625 0.00625 0.0109375
9 0.5609375 0.56484375 0.075 0.428125
9 0.653125 0.57734375 0.090625 0.45
9 0.4625 0.59765625 0.084375 0.4453125
9 0.175 0.59765625 0.09375 0.48125
9 0.35859375 0.60234375 0.1078125 0.34375
9 0.24453125 0.653125 0.1046875 0.43125
9 0.665625 0.18203125 0.0203125 0.034375
9 0.6703125 0.221875 0.0515625 0.13125