12 0.3828125 0.33984375 0.075 0.0921875
12 0.5890625 0.2390625 0.075 0.084375
12 0.40546875 0.5234375 0.1484375 0.253125
12 0.62265625 0.44765625 0.1734375 0.2984375
12 0.2875 0.66796875 0.05 0.0828125
12 0.43828125 0.4265625 0.0828125 0.059375
12 0.6515625 0.31875 0.059375 0.0875
12 0.6890625 0.3125 0.040625 0.08125
12 0.3734375 0.95859375 0.084375 0.0828125
12 0.45234375 0.89296875 0.0515625 0.0859375
12 0.61875 0.91875 0.065625 0.096875
12 0.6671875 0.90390625 0.046875 0.0765625
9 0.3875 0.6296875 0.2625 0.7296875
9 0.63828125 0.57890625 0.265625 0.76875