12 0.746875 0.61953125 0.50625 0.7609375
12 0.10390625 0.640625 0.0828125 0.39140625
12 0.05390625 0.653125 0.0671875 0.33359375
12 0.3859375 0.659375 0.3015625 0.68046875
12 0.16171875 0.671875 0.140625 0.4890625
12 0.23046875 0.71640625 0.175 0.56640625
9 0.75859375 0.5015625 0.4828125 0.996875
9 0.4109375 0.60625 0.23125 0.78671875
9 0.25625 0.66484375 0.0953125 0.66953125
9 0.16171875 0.67578125 0.10078125 0.6484375
9 0.1015625 0.70078125 0.0609375 0.5984375
9 0.05 0.7078125 0.059375 0.584375